
0.00625 0.125 -0.0125
-0.0625 0.06875 0.04375
0.0375 0.09375 -0.01875
-0.0625 0.06875 -0.01875
-0.04375 0.15625 0
0.0625 0.06875 0.01875
0.0375 0.09375 0.04375
-0.04375 0.10625 0.04375
0.04375 0.10625 0.01875
-0.05625 0.1375 0.01875
-0.04375 0.10625 0.04375
-0.0125 0.1625 -0.0125
-0.04375 0.10625 -0.01875
-0.0875 0.1375 0.04375
-0.0875 0.1375 0.0125
-0.0875 0.1375 0.04375
0 0.05 0.05
-0.08125 0.06875 0.01875
-0.08125 0.06875 0.01875
0.025 0.11875 -0.0125
-0.025 0.11875 -0.01875
0 0.1 -0.025
0.025 0.11875 0.01875
-0.05625 0.0375 0.025
-0.04375 0.05625 -0.00625
-0.03125 0.175 -0.0125
-0.03125 0.175 -0.0125
-0.05625 0.0625 0.03125
-0.05625 0.0375 -0.00625
-0.05625 0.0375 -0.00625
0.05625 0.0625 0
0.025 0.04375 0.0375
-0.05 0.03125 0.0125
-0.025 0.13125 0.01875
0.0125 0.1 -0.03125
-0.00625 0.08125 0.05625
-0.05 0.03125 -0.01875
-0.025 0.04375 0.05625
0.01875 0.0375 -0.0125
-0.01875 0.0375 0.0125
0.025 0.04375 -0.025
0.01875 0.0375 -0.0125
-0.01875 0.0375 0.04375
-0.01875 0.0375 0.04375
-0.03125 0.09375 -0.025
-0.01875 0.0375 -0.01875
0.01875 0.0375 0.01875
-0.08125 0.18125 -0.05
-0.08125 0.18125 -0.05
-0.0125 0.04375 0.05
0.025 0.05 0.03125
-0.0875 0.15625 0.00625
-0.025 0.05 -0.03125
-0.06875 0.18125 -0.05625
0.01875 0.1125 0.0375
-0.03125 0.125 0
-0.03125 0.075 -0.01875
-0.0875 0.1125 0.01875
-0.03125 0.075 0.04375
-0.03125 0.075 0.04375
0.03125 0.075 -0.0125
0 0.11875 0.03125
-0.05625 0.1125 -0.01875
-0.0875 0.1125 0.05
-0.0125 0.13125 0.025
0.03125 0.075 0.05
-0.05625 0.15625 0.025
-0.05625 0.15625 -0.00625
0.0125 0.04375 0.04375
0.0125 0.04375 -0.01875
0.0125 0.13125 0.00625
-0.0125 0.13125 -0.00625
-0.06875 0.03125 0.03125
-0.025 0.1625 -0.00625
-0.025 0.1625 -0.00625
0.05 0.0875 0.0125
-0.075 0.06875 0.0375
-0.075 0.06875 0.00625
-0.00625 0.16875 -0.025
-0.0125 0.11875 0.0375
-0.06875 0.06875 -0.00625
-0.04375 0.0375 -9.31323e-10
-0.06875 0.06875 -0.00625
-0.04375 0.0375 -0.03125
0.04375 0.0625 -0.00625
-0.04375 0.0625 0.0375
0.04375 0.0625 -0.00625
0.0125 0.11875 -0.00625
0.0125 0.11875 -0.00625
0.0375 0.075 0.0375
0.04375 0.0625 0.025
0.05625 0.05625 0.03125
-9.31323e-10 0.13125 0
-0.075 0.03125 0
-0.06875 0.06875 0.025
0.0375 0.08125 0.03125
-0.0375 0.08125 -0.03125
0.00625 0.05625 -0.03125
-0.08125 0.15 0.0375
0.0125 0.03125 -0.01875
-0.08125 0.15 0.00625
-0.0625 0.15 -0.00625
-0.0625 0.15 -0.00625
-0.00625 0.1125 -0.0125
-0.01875 0.09375 -0.03125
-0.0625 0.15 -0.0375
-0.03125 0.0625 -0.01875
-0.0625 0.15 0.025
0.03125 0.0625 -0.0125
0.04375 0.08125 0
0.04375 0.075 -0.00625
0.04375 0.075 -0.00625
-0.04375 0.075 0.0375
0.0375 0.0625 0.0375
0.00625 0.1125 -0.01875
-0.075 0.04375 0
0.04375 0.075 0.025
0.00625 0.1125 0.04375
-0.0375 0.0375 0.03125
0.00625 0.1125 0.04375
-0.0625 0.1 0.0375
0.0375 0.0375 0
-0.025 0.0875 -0.025
-0.06875 0.04375 0.03125
-0.08125 0.1 -0.00625
0.0625 0.05 0.0125
-0.05 0.1625 0.0125
-0.01875 0.16875 -0.01875
-0.075 0.1 -0.01875
-0.06875 0.05 0.00625
-0.075 0.1 0.04375
-0.05 0.11875 0.025
-0.04375 0.175 -0.00625
0.0125 0.0875 0.05
-0.04375 0.175 -0.00625
-0.05 0.11875 -0.00625
0.03125 0.05625 0.04375
-0.03125 0.05625 -0.0125
0.03125 0.05625 -0.01875
0.0375 0.10625 0.0125
0.00625 0.0375 -0.00625
0.00625 0.0375 -0.00625
-0.09375 0.11875 0.0375
-0.06875 0.1 -0.0125
-0.04375 0.09375 0.04375
-0.04375 0.09375 0.04375
0.04375 0.09375 0.01875
0.00625 0.0375 0.025
-0.04375 0.09375 -0.01875
-0.09375 0.11875 0.00625
0.04375 0.09375 -0.0125
-0.0875 0.075 0
-0.05 0.04375 -0.01875
-0.06875 0.15 0.04375
-0.05 0.13125 0.00625
0.01875 0.125 0.025
-0.03125 0.10625 0.0375
-0.0875 0.08125 -0.00625
-0.06875 0.15 -0.01875
-0.05 0.04375 0.0125
0.03125 0.10625 -0.00625
-0.05 0.04375 0.04375
-0.03125 0.1125 0.03125
0.03125 0.10625 -0.00625
-0.00625 0.0375 -0.025
-0.0875 0.125 0.04375
-0.05 0.04375 0.04375
0.05 0.04375 0.01875
-0.0875 0.125 0.04375
0.03125 0.1125 0
-0.0875 0.125 0.0125
-0.01875 0.125 0.0375
0.03125 0.10625 0.025
-0.03125 0.10625 -0.025
-0.00625 0.0625 -0.03125
-0.00625 0.0375 0.00625
-0.01875 0.125 0.00625
0.01875 0.125 -0.00625
-0.0875 0.08125 0.025
0.01875 0.125 -0.00625
-0.00625 0.0375 0.0375
-0.01875 0.08125 0.05
0.025 0.06875 -0.03125
-0.05625 0.08125 -0.025
-0.08125 0.11875 0
-0.06875 0.15 -0.05
0.0375 0.05625 -0.00625
-0.075 0.1625 -0.03125
-0.09375 0.13125 0.025
-0.04375 0.16875 0
0.0375 0.05625 -0.00625
-0.05625 0.125 -0.0125
-0.0375 0.05625 0.0375
-0.075 0.15 -0.0125
-0.075 0.15 -0.0125
-0.075 0.15 -0.04375
-0.0125 0.10625 0.0375
-0.075 0.16875 -0.0375
-0.00625 0.06875 0.05625
-0.04375 0.1625 -0.00625
0.0375 0.0875 0.0375
-0.04375 0.1625 -0.00625
-0.0125 0.10625 -0.025
-0.00625 0.06875 -0.0375
-0.05 0.075 -0.0125
-0.025 0.0375 -0.03125
-0.025 0.0375 0
0.025 0.0375 0.03125
-0.06875 0.16875 -0.025
-0.05 0.125 0.03125
-0.06875 0.16875 -0.05625
0.05 0.075 0.0125
-0.025 0.0625 0.0375
0.01875 0.13125 0
-0.025 0.0625 -0.025
0.04375 0.05 0.03125
0.00625 0.03125 -9.31323e-10
0 0.1125 0.0375
0.0125 0.05625 0.04375
0 0.1125 -0.025
-0.08125 0.08125 -0.0125
-0.08125 0.08125 -0.0125
-0.0625 0.08125 0.04375
0.01875 0.11875 0.03125
-0.0125 0.05625 0.05
-0.0625 0.08125 0.04375
-0.03125 0.0875 0.04375
-0.0625 0.125 -0.00625
-0.075 0.175 -0.03125
-0.0625 0.125 -0.00625
-0.0625 0.08125 -0.01875
-0.00625 0.18125 -0.025
-0.025 0.05625 -0.0375
-0.075 0.125 0.05
-0.0875 0.15 0.0125
0.025 0.05625 0.0375
0 0.0375 0.05
-0.06875 0.125 0.04375
0.025 0.05625 -0.025
0.0375 0.06875 0.03125
-0.0375 0.03125 -0.025
0.04375 0.04375 0.00625
-0.04375 0.04375 -0.00625
-0.04375 0.13125 0.01875
-0.075 0.125 -0.0125
0 0.0375 -0.0125
-0.075 0.08125 0.0375
-0.05625 0.15 0.01875
-0.0375 0.03125 0.0375
-0.05625 0.1625 0
-0.075 0.075 0.03125
-0.0375 0.03125 0.00625
0 0.0375 0.01875
-0.05625 0.1 -0.01875
-0.05625 0.1 0.04375
0.0125 0.0625 0.05
-0.05625 0.1 0.04375
-0.025 0.15625 0
-0.03125 0.03125 0.05
-0.025 0.10625 0.04375
-0.0625 0.16875 -0.04375
-0.025 0.10625 0.04375
0.025 0.10625 -0.0125
-0.025 0.10625 -0.01875
-0.01875 0.05 0.04375
-0.08125 0.16875 -0.05
-0.08125 0.16875 -0.05
0.01875 0.1 0.0375
0.01875 0.05 0.05
-0.05625 0.05 0.025
-0.05625 0.05 -0.00625
0.05625 0.05 0.00625
-0.05625 0.05 -0.00625
-0.01875 0.1 0.05625
0.01875 0.1 -0.025
-0.0875 0.1 0.01875
-0.04375 0.11875 -0.01875
0 0.125 0.025
-0.04375 0.03125 -0.00625
-0.08125 0.10625 0
-0.0375 0.04375 -0.025
0.0375 0.04375 0.025
-0.08125 0.1125 -0.00625
-0.08125 0.15625 0.0125
0.0375 0.04375 -0.00625
-0.0375 0.04375 0.0375
-0.0375 0.13125 0.0125
0.00625 0.05 0.05625
0 0.125 -0.00625
-0.08125 0.15625 -0.01875
-0.04375 0.03125 0.025
0 0.125 -0.00625
-0.08125 0.15625 -0.01875
-0.06875 0.0625 0
-0.03125 0.11875 0.0375
-0.0625 0.15625 0.01875
-0.06875 0.0375 0.00625
-0.0625 0.15625 -0.04375
0.03125 0.11875 -0.00625
-0.05 0.05625 0.0125
0.04375 0.06875 0
-0.06875 0.0375 0.0375
0.03125 0.11875 -0.00625
-0.0625 0.15625 -0.0125
-0.0625 0.15625 -0.0125
0.03125 0.11875 0.025
0.00625 0.1 -0.01875
-0.0625 0.1125 0.0375
0.00625 0.1 0.04375
-0.0875 0.0875 0
-0.03125 0.04375 0.05
0.025 0.09375 0.05
0.0375 0.11875 0.0125
-0.0375 0.11875 -0.0125
0.0125 0.125 0.03125
-0.025 0.175 -0.00625
-0.0125 0.125 0
-0.025 0.175 -0.00625
-0.09375 0.1125 0.03125
-0.06875 0.1375 0.04375
-0.06875 0.1375 0.04375
-0.00625 0.05 -0.025
-0.075 0.1375 0.05
-0.01875 0.1875 -0.0125
0.0125 0.075 0.05
-0.025 0.09375 0.04375
-0.00625 0.1 0.05
0.03125 0.04375 -0.01875
-0.01875 0.06875 0.05
0.025 0.08125 -0.03125
-0.0625 0.1375 -0.00625
-0.05 0.0625 -0.0125
0.05625 0.06875 0.025
-0.0625 0.1375 -0.00625
-0.0125 0.175 -0.0125
-0.025 0.075 0.0375
-0.05625 0.06875 0.0375
-0.09375 0.14375 0.025
-0.04375 0.0875 -0.025
-0.05 0.14375 0.00625
0.04375 0.0875 0.025
0.04375 0.0875 -0.00625
-0.0375 0.1625 0.00625
0.01875 0.06875 0.04375
0.04375 0.0875 -0.00625
-0.0125 0.09375 -0.025
0.0125 0.09375 0.05625
-0.05625 0.03125 0
-0.06875 0.15625 0.0375
-0.0625 0.0375 -0.0125
-0.05 0.1375 0.03125
-0.0625 0.0375 -0.0125
-0.01875 0.18125 -0.01875
-0.06875 0.15625 0.00625
-0.0625 0.0375 0.01875
-0.06875 0.15625 -0.05625
-0.03125 0.1625 -0.0125
-0.06875 0.1125 -0.0125
-0.06875 0.1125 0.05
-0.0625 0.14375 0
0.00625 0.04375 -0.03125
-0.0625 0.14375 -0.03125
-0.075 0.1125 0.04375
-0.075 0.1125 0.04375
-0.075 0.15625 0.025
0.0375 0.05 0
-0.0625 0.0375 0.05
-0.075 0.15625 -0.00625
-0.075 0.15625 -0.00625
-0.075 0.15625 -0.0375
-0.075 0.175 -0.04375
-0.0625 0.075 0.0375
0.01875 0.11875 -0.01875
-0.04375 0.1 -0.025
-0.0875 0.11875 0.025
-0.06875 0.175 -0.05
0.04375 0.1 0.025
-0.01875 0.11875 -0.0125
0.04375 0.1 -0.00625
0.04375 0.1 -0.00625
-0.04375 0.1 0.0375
-0.0875 0.11875 -0.00625
0.00625 0.03125 -0.0125
0 0.10625 -0.01875
-0.04375 0.05 -0.0125
0 0.10625 0.04375
-0.05625 0.11875 0.0375
0.00625 0.03125 0.01875
-0.075 0.09375 0.0375
-0.08125 0.075 0.025
-0.08125 0.075 0.025
-0.08125 0.08125 0
-0.08125 0.075 -0.00625
-0.08125 0.075 -0.00625
-0.0125 0.05625 -0.03125
-0.0875 0.13125 0.0375
0.05 0.08125 0.00625
0.025 0.0375 -0.01875
-0.025 0.0375 0.01875
0.025 0.0375 0.04375
0.025 0.0375 0.0125
-0.01875 0.04375 -0.025
-0.0875 0.13125 0.00625
-0.025 0.0375 -0.0125
-0.05625 0.04375 0.05
0.025 0.0375 0.04375
0.01875 0.04375 -0.00625
-0.00625 0.03125 -0.01875
0.01875 0.13125 0.01875
-0.01875 0.13125 0.0125
-0.0125 0.1125 0.04375
0.0125 0.1125 -0.0125
-0.09375 0.125 0.01875
-0.0125 0.1125 0.04375
-0.0125 0.1125 -0.01875
-0.04375 0.15 -0.00625
0 0.05625 0.05625
-0.05625 0.13125 0.025
-0.04375 0.15 -0.00625
-0.05625 0.04375 0.01875
-0.05625 0.13125 -0.00625
-0.05625 0.04375 -0.0125
0.05625 0.04375 0.0125
-0.025 0.0375 0.05
0 0.05625 -0.0375
-0.0125 0.0375 0.025
0.0125 0.0375 -0.025
-0.03125 0.06875 -0.025
-0.0125 0.0375 -0.00625
0.0125 0.0375 0.00625
0.0125 0.0625 -0.03125
-0.0125 0.0375 -0.00625
-0.04375 0.11875 0.03125
-0.0875 0.1 0
0.0125 0.0375 0.0375
-0.03125 0.06875 0.0375
0.025 0.1125 0.025
-0.025 0.1125 -0.025
-0.025 0.15625 -0.0125
-0.0625 0.16875 -0.0625
-0.025 0.1125 0.0375
0.01875 0.05 -0.03125
-0.03125 0.03125 -0.03125
0.025 0.1125 -0.00625
0.025 0.1125 -0.00625
-0.0625 0.16875 -0.03125
-0.08125 0.09375 -0.0125
-0.04375 0.13125 0
-0.0625 0.175 -0.0375
-0.05625 0.15 0
0 0.0375 0
-0.075 0.075 -0.01875
-0.03125 0.18125 -0.00625
-0.03125 0.18125 -0.00625
-0.03125 0.18125 -0.00625
-0.0875 0.15 0.03125
-0.06875 0.075 -0.0125
-0.0375 0.06875 -0.0125
-0.0625 0.09375 -0.01875
-0.0625 0.09375 0.04375
0.0375 0.06875 -0.01875
-0.05 0.16875 0.00625
-0.05 0.15625 0.00625
0.0625 0.05625 0.00625
0.03125 0.04375 0.03125
-0.03125 0.04375 -0.03125
-0.05 0.1125 -0.0125
-0.0625 0.05625 0.025
0.0125 0.08125 0.05625
-0.00625 0.1 -0.03125
-0.09375 0.1125 0.04375
-0.09375 0.1125 0.0125
-0.0125 0.125 0.01875
0.0125 0.075 -0.03125
-0.09375 0.1125 0.04375
0.0125 0.08125 -0.0375
0.0125 0.125 0.0125
-0.0125 0.125 -0.0125
-0.0625 0.15625 -0.03125
0.04375 0.06875 -0.0125
0.04375 0.06875 -0.0125
-0.06875 0.0625 0.01875
-0.04375 0.06875 -0.01875
-0.05 0.05625 0.03125
-0.0625 0.15625 0
-0.04375 0.06875 0.04375
0.04375 0.06875 0.01875
-0.01875 0.0875 -0.0375
0.05 0.05625 0
-0.04375 0.06875 0.04375
-0.0625 0.10625 -0.01875
-0.075 0.14375 -0.00625
-0.075 0.14375 -0.00625
-0.025 0.16875 -0.0125
-0.0625 0.10625 0.04375
-0.01875 0.0875 0.05625
-0.0875 0.0875 0.01875
-0.0625 0.10625 0.04375
0.01875 0.0875 -0.025
-0.08125 0.10625 -0.0125
-0.06875 0.14375 0.0375
-0.05625 0.0875 -0.01875
-0.05625 0.0875 0.04375
-0.075 0.0625 0.0125
-0.06875 0.14375 -0.025
0 0.08125 0.0625
-0.08125 0.15625 0.03125
-0.08125 0.15625 0.03125
0.00625 0.13125 -0.00625
0.00625 0.13125 -0.00625
-0.09375 0.1375 0.01875
-0.0625 0.14375 -0.0125
-0.075 0.10625 0.0375
-0.0375 0.05 -0.01875
0.00625 0.13125 0.025
-0.0375 0.05 0.04375
0.0375 0.05 -0.0125
-0.0375 0.05 0.04375
0.0375 0.1 0.00625
-0.0625 0.0625 0.0375
-0.05 0.1375 0.0125
-0.0625 0.0625 0.00625
0.0375 0.1 0.0375
-0.0625 0.0375 0
-0.08125 0.14375 0.04375
-0.08125 0.14375 0.04375
-0.08125 0.14375 0.04375
-0.08125 0.14375 0.04375
0.0625 0.0625 0.025
0.00625 0.04375 0.05
-0.03125 0.1625 0
-0.06875 0.10625 -0.00625
-0.03125 0.1 0.04375
0.03125 0.1 -0.0125
-0.03125 0.1 0.04375
-0.03125 0.1 -0.01875
-0.05625 0.03125 -0.0125
-0.05625 0.03125 -0.0125
0.025 0.08125 0.05
0.00625 0.11875 0.0375
-0.05625 0.03125 0.01875
-0.025 0.125 -0.00625
-0.025 0.125 -0.00625
0.05 0.0625 0.03125
-0.01875 0.03125 -0.025
-0.0125 0.175 -0.03125
0.025 0.125 0.00625
-0.05 0.0375 0.0375
-0.06875 0.05625 0.0125
-0.05 0.0375 0.00625
-0.025 0.08125 0.04375
-0.00625 0.04375 0.04375
0.03125 0.05 0.0375
-0.025 0.125 0.025
-0.00625 0.13125 0.00625
0.01875 0.03125 -0.00625
0.01875 0.03125 -0.00625
-0.0125 0.1 0.04375
-0.01875 0.0625 0.05625
0.01875 0.0625 -0.025
-0.05 0.03125 0.03125
-0.05625 0.14375 0.025
-0.01875 0.0625 -0.0375
-0.00625 0.125 0.03125
-0.0625 0.18125 -0.0625
-0.06875 0.0875 -0.0125
-0.05625 0.14375 -0.00625
0.01875 0.0375 0
-0.01875 0.0375 0.03125
0.05 0.06875 0.00625
-0.0125 0.05 0.05625
-0.0875 0.14375 0.0375
-0.075 0.0875 -0.01875
-0.03125 0.175 0
0.0125 0.05 -0.025
-0.075 0.0875 0.04375
-0.0375 0.16875 -0.01875
-0.0875 0.14375 0.00625
-0.075 0.0875 0.04375
0.0125 0.1 0.05
-0.0125 0.05 -0.0375
0.05625 0.0625 0.01875
-0.03125 0.16875 -0.00625
-0.0625 0.03125 -0.00625
-0.0625 0.03125 -0.00625
-0.0875 0.1375 0.03125
-0.08125 0.06875 0
-0.0625 0.03125 0.025
0.025 0.11875 0
-0.025 0.11875 0.03125
-0.04375 0.15625 -0.0125
0.0375 0.09375 0.03125
-0.04375 0.15625 -0.0125
0.00625 0.125 0
-0.0625 0.06875 0.03125
0 0.05 -0.03125
0.04375 0.10625 0
-0.05625 0.1375 0
-0.04375 0.1125 0.0375
0.04375 0.0375 0.0125
-0.04375 0.0375 -0.0125
0.00625 0.09375 -0.025
-0.05625 0.05625 0.01875
0.0375 0.08125 0.04375
0 0.13125 0.01875
0.0375 0.08125 -0.01875
0.05625 0.05625 0.0125
-0.0375 0.125 0.00625
-0.05625 0.05625 -0.0125
-0.05625 0.05625 -0.0125
-0.01875 0.05625 -0.025
-0.06875 0.03125 0.0125
-0.04375 0.14375 0
-0.00625 0.175 -0.01875
-0.025 0.1 -0.025
0 0.11875 -0.01875
-0.05625 0.1125 0.03125
-0.08125 0.0875 -0.00625
-0.05625 0.10625 0.0375
0 0.11875 0.04375
-0.04375 0.1375 0.025
-0.025 0.05 0.05
-0.025 0.1 0.0375
-0.0125 0.04375 -0.03125
0.025 0.05 0.04375
-0.0875 0.10625 0.025
-0.00625 0.09375 -0.0375
0.025 0.05 0.04375
0.01875 0.10625 -0.01875
-0.03125 0.08125 -0.025
0.01875 0.10625 0.04375
0.01875 0.10625 0.04375
0.025 0.05 -0.01875
-0.03125 0.125 0.01875
-0.00625 0.09375 0.05625
0.03125 0.125 0.0125
-0.03125 0.125 -0.0125
-0.0875 0.1125 0
-0.03125 0.125 -0.0125
-0.0875 0.10625 -0.00625
-0.0625 0.05 0
-0.06875 0.13125 0.0375
-0.06875 0.04375 0.0125
-0.05 0.15 0.0125
0.04375 0.08125 -0.0125
0.04375 0.08125 -0.0125
-0.04375 0.125 -0.00625
-0.04375 0.125 -0.00625
-0.04375 0.08125 -0.01875
0.00625 0.10625 -0.025
0.04375 0.08125 0.01875
-0.04375 0.08125 0.04375
-0.075 0.13125 0.05625
-0.09375 0.15 0.01875
-0.0375 0.0375 0.04375
-0.075 0.13125 -0.00625
-0.0375 0.0375 0.0125
-0.0375 0.0375 0.04375
0.0375 0.0375 0.01875
0.00625 0.10625 0.0375
-0.0375 0.0375 -0.01875
-0.04375 0.125 0.025
-0.0625 0.1625 -0.00625
-0.0875 0.09375 0.025
0.01875 0.09375 -0.01875
-0.06875 0.11875 0.05625
0.05 0.05 -0.00625
-0.03125 0.0375 0.05625
-0.05 0.05 0.0375
0.0125 0.06875 0.05625
-0.03125 0.0375 0.025
-0.0625 0.1625 -0.0375
0.01875 0.09375 0.04375
0.05 0.05 0.025
0.03125 0.0375 0.00625
-0.03125 0.0375 -0.00625
-0.06875 0.11875 -0.00625
-0.0875 0.09375 -0.00625
0.00625 0.05625 0.05
-0.06875 0.11875 -0.00625
-0.025 0.1875 -0.01875
-0.08125 0.1625 -0.025
-0.08125 0.1625 -0.025
-0.01875 0.175 -0.025
-0.05625 0.09375 -0.025
-0.01875 0.09375 0.05
-0.00625 0.0625 0.05
-0.025 0.06875 0.04375
-0.025 0.06875 0.04375
-0.0125 0.1875 -0.025
-0.075 0.15 0
-0.05625 0.075 0.04375
-0.05625 0.075 0.04375
-0.075 0.15 -0.03125
-0.06875 0.1625 -0.05
-0.05625 0.075 -0.01875
0.05625 0.075 0.01875
-0.075 0.1625 -0.0125
-0.075 0.1625 -0.04375
-0.04375 0.16875 -0.0125
0.01875 0.075 -0.025
-0.0875 0.075 0.01875
-0.0875 0.125 0.03125
-0.01875 0.075 0.05625
0.03125 0.1125 -0.0125
-0.06875 0.1625 -0.01875
-0.06875 0.15 0.03125
0.03125 0.1125 0.01875
0.05 0.04375 0
-0.03125 0.1125 -0.01875
-0.08125 0.11875 0.05
-0.08125 0.11875 0.05
-0.0625 0.11875 0.04375
0.025 0.06875 0.05
-0.03125 0.15625 -0.00625
-0.0625 0.11875 0.04375
-0.03125 0.15625 -0.00625
0.0375 0.10625 0.03125
0.0375 0.1125 0.00625
0.0125 0.0875 -0.03125
0.04375 0.09375 0
-0.0625 0.13125 0.05
-0.0625 0.04375 -0.00625
-0.0625 0.04375 -0.00625
-0.0625 0.13125 -0.0125
-0.025 0.18125 -0.0125
0.03125 0.05625 0.03125
-0.03125 0.05625 -0.03125
-0.0625 0.04375 0.025
-0.04375 0.04375 -0.01875
-0.04375 0.13125 0.00625
-0.04375 0.04375 0.04375
0 0.0375 -0.025
-0.04375 0.04375 0.04375
0.04375 0.04375 0.01875
-0.0375 0.03125 0.05
0 0.0375 0.00625
-0.0375 0.03125 0.01875
0 0.0625 -0.03125
-0.0375 0.03125 -0.0125
-0.075 0.08125 -0.0125
0.025 0.05625 0.05
0 0.0375 0.0375
-0.06875 0.08125 0.04375
-0.06875 0.08125 0.04375
-0.025 0.05625 -0.01875
-0.06875 0.125 -0.00625
-0.06875 0.125 -0.00625
-0.025 0.05625 0.04375
-0.06875 0.08125 -0.01875
-0.025 0.05625 0.04375
-0.06875 0.125 0.05625
-0.05 0.16875 0
-0.0875 0.15 0.025
-0.01875 0.1625 0
-0.0125 0.0625 0.05625
-0.01875 0.1 0.04375
-0.08125 0.16875 -0.0375
0.0125 0.0625 -0.025
-0.08125 0.16875 -0.0375
-0.04375 0.11875 0.025
-0.0125 0.0625 -0.0375
-0.05625 0.05 0.04375
-0.05625 0.05 0.04375
-0.04375 0.11875 -0.00625
-0.0875 0.1 0.00625
-0.05625 0.05 0.0125
0.0125 0.0375 -9.31323e-10
-0.0125 0.0375 0.03125
0.05625 0.05 0.01875
-0.03125 0.06875 -0.03125
-0.01875 0.05 0.05625
-0.03125 0.03125 -0.025
-0.03125 0.03125 -0.025
0.01875 0.05 -0.025
-0.0625 0.16875 -0.025
-0.0625 0.16875 -0.05625
0.01875 0.1 0.05
0.01875 0.05 0.0375
-0.05 0.09375 0.04375
0.025 0.1125 0.03125
-0.03125 0.03125 0.0375
0.025 0.10625 0.0375
-0.05 0.09375 -0.01875
0.025 0.0625 0.04375
0.025 0.0625 0.04375
-0.0875 0.13125 0
0.025 0.0625 -0.01875
-0.05 0.075 0.0375
-0.06875 0.16875 -0.0125
-0.06875 0.16875 -0.04375
0.05 0.075 0.025
-0.075 0.16875 -0.05
-0.01875 0.04375 -0.03125
0.0375 0.0875 -0.0125
-0.075 0.16875 -0.01875
-0.0375 0.0875 0.04375
0.0125 0.10625 -0.01875
0.0125 0.10625 0.04375
0.0125 0.10625 0.04375
-0.04375 0.1625 0.0125
-0.025 0.0625 0.05
-0.05625 0.13125 0.03125
-0.08125 0.125 0.05
-0.08125 0.125 0.05
-0.0625 0.125 0.04375
-0.0625 0.125 0.04375
0.03125 0.0875 0.0375
-0.03125 0.0875 -0.0375
-0.0875 0.11875 0.03125
0.03125 0.0875 -0.025
0.04375 0.1 0.03125
0 0.1125 -0.0125
0.0125 0.05625 0.05625
-0.08125 0.08125 0.0375
-0.08125 0.08125 0.0375
-0.08125 0.075 0.03125
0.01875 0.06875 0.05625
-0.05 0.14375 0.01875
0.04375 0.0875 0.0125
-0.0375 0.1625 -0.0125
-0.025 0.075 0.05
-0.08125 0.1375 0.05
-0.0375 0.15 0
-0.05 0.0375 -9.31323e-10
-0.0625 0.1375 0.04375
-0.0625 0.1375 0.04375
0.025 0.075 0.04375
-0.08125 0.1375 0.05
-0.05 0.0625 0.0375
0.025 0.075 -0.01875
0.05 0.0625 -0.00625
-0.09375 0.14375 0.0125
0.025 0.125 0
-0.025 0.125 0.03125
-0.0125 0.175 -0.025
0.05 0.0625 0.025
-0.01875 0.03125 -0.03125
-0.00625 0.13125 0
-0.05625 0.06875 -0.0125
0.05625 0.06875 0.0125
-0.0125 0.09375 0.05
-0.05625 0.06875 -0.0125
0.00625 0.13125 0.03125
-0.075 0.1125 -0.00625
-0.075 0.1125 -0.00625
-0.075 0.1125 0.05625
-0.075 0.15625 0.0125
-0.075 0.15625 -0.01875
-0.0625 0.0625 0
-0.00625 0.11875 0.03125
-0.075 0.15625 -0.05
-0.06875 0.15625 0.01875
-0.0625 0.0375 0.00625
-0.06875 0.15625 -0.04375
0.0375 0.1 0
-0.0625 0.0375 0.0375
-0.06875 0.15625 -0.0125
-0.03125 0.1625 0.00625
-0.06875 0.1125 0.0375
-0.03125 0.11875 0.01875
-0.0625 0.15625 0.0375
-0.0375 0.04375 0.05
0.00625 0.1 0.05625
0.03125 0.11875 0.0125
-0.05 0.05625 -0.00625
-0.03125 0.11875 -0.0125
-0.03125 0.11875 -0.0125
0.01875 0.0875 -0.03125
-0.0625 0.15625 0.00625
-0.06875 0.0375 0.01875
-0.0625 0.15625 -0.05625
-0.05 0.05625 0.025
-0.0625 0.15625 -0.025
-0.0625 0.1125 -0.0125
-0.0625 0.1125 0.05
0.00625 0.05 0.04375
-0.04375 0.03125 0.0125
-0.06875 0.14375 -0.03125
-0.04375 0.03125 0.04375
-0.08125 0.1125 0.04375
0 0.08125 0.05625
-0.08125 0.1125 0.04375
-0.08125 0.15625 0.025
-0.04375 0.03125 -0.01875
-0.08125 0.1125 0.04375
-0.08125 0.15625 0.025
-0.08125 0.15625 -0.00625
0.0375 0.04375 0.0125
0 0.08125 -0.0375
-0.075 0.0375 0.0125
-0.06875 0.1375 -0.00625
-0.06875 0.1375 -0.00625
0.0625 0.05625 0
-0.025 0.09375 0.05625
0.025 0.09375 -0.025
-0.05 0.15625 0
-0.03125 0.04375 -0.025
0.03125 0.04375 0.025
-0.05 0.10625 0.04375
-0.01875 0.1875 -0.025
0.03125 0.04375 -0.00625
-0.05 0.10625 0.04375
0.03125 0.04375 -0.00625
-0.025 0.09375 -0.0375
0.025 0.09375 0.0375
-0.05 0.10625 -0.01875
0.0125 0.075 -0.025
-0.0375 0.11875 0.0375
-0.0125 0.075 0.05625
-0.00625 0.05 0.05
0.0375 0.11875 0.025
-0.025 0.175 -0.01875
-0.00625 0.1 -0.025
-0.08125 0.0875 0.03125
-0.0125 0.04375 -0.025
-0.05625 0.15625 0.0125
0.0125 0.13125 0.01875
-0.025 0.1 -0.03125
-0.0125 0.13125 0.0125
-0.0875 0.15625 0.01875
-0.01875 0.1125 0.04375
0.01875 0.1125 -0.0125
0.03125 0.075 -0.025
-0.01875 0.1125 0.04375
-0.01875 0.1125 -0.01875
-0.0875 0.1125 0.00625
0.03125 0.075 0.0375
-0.0875 0.10625 0.03125
-0.03125 0.075 -0.0375
-0.06875 0.18125 -0.04375
-0.01875 0.15625 -0.00625
-0.01875 0.15625 -0.00625
-0.075 0.18125 -0.05
-0.03125 0.08125 -0.03125
-0.0875 0.1125 0.0375
-0.06875 0.06875 0.0125
-0.04375 0.0625 -0.0125
0.0125 0.11875 -0.01875
-0.06875 0.06875 -0.01875
-0.0125 0.11875 -0.0125
-0.0375 0.125 0
-0.0375 0.075 -0.01875
-0.0375 0.075 0.04375
0.00625 0.09375 -0.03125
0.0375 0.075 -0.0125
-0.0375 0.075 0.04375
0.0375 0.075 -0.0125
-0.025 0.1625 -0.01875
-0.05 0.0875 -0.025
-0.04375 0.14375 0.00625
-0.075 0.06875 0.01875
-0.075 0.06875 -0.0125
-0.01875 0.05625 -0.03125
-0.0625 0.03125 0.03125
-0.025 0.11875 0.025
-0.0375 0.175 -0.0125
-0.025 0.11875 -0.00625
-0.025 0.11875 -0.00625
0.025 0.11875 0.00625
-0.08125 0.06875 0.00625
-0.0875 0.1375 0.025
-0.08125 0.06875 0.00625
0.025 0.11875 0.0375
-0.0625 0.06875 -0.00625
-0.0625 0.06875 -0.00625
0.0625 0.06875 0.00625
0 0.05 -0.025
0.0375 0.09375 -0.00625
-0.0125 0.1625 -0.025
0.00625 0.125 0.0375
0.0375 0.09375 -0.00625
0 0.1 0.05
-0.0375 0.09375 -0.025
0.0375 0.09375 0.025
0.04375 0.10625 0.00625
-0.0625 0.06875 0.025
-0.025 0.13125 0.00625
-0.00625 0.125 0.025
0.03125 0.09375 -0.01875
-0.05 0.03125 -0.00625
-0.01875 0.0375 0.025
-0.025 0.04375 0.04375
0.01875 0.0375 -0.025
0.025 0.04375 -0.0125
0.025 0.04375 -0.0125
0.03125 0.09375 0.04375
0.03125 0.09375 0.04375
-0.01875 0.0375 0.05625
-0.0625 0.18125 -0.05625
0.01875 0.0375 0.00625
0.01875 0.0625 -0.03125
-0.01875 0.0375 -0.00625
-0.01875 0.0375 -0.00625
-0.05625 0.14375 0.03125
0.01875 0.0375 0.0375
-0.00625 0.125 -0.00625
-0.05 0.03125 0.025
-0.00625 0.125 -0.00625
-0.05 0.06875 0.03125
-0.0875 0.14375 0
-0.04375 0.05625 0.04375
0.05 0.06875 0
0.0125 0.05 -0.03125
-0.05625 0.0375 0.0125
-0.03125 0.09375 0.05
-0.05625 0.0375 0.04375
-0.05625 0.0375 0.04375
-0.0375 0.10625 0.0375
0.00625 0.0375 -0.01875
0.0375 0.10625 -0.00625
-0.0375 0.1125 0.03125
0.0375 0.10625 -0.00625
0.00625 0.0375 0.04375
-0.0125 0.0875 -0.0375
0.0375 0.1125 0
0.00625 0.0375 0.04375
0.00625 0.0375 0.0125
0.0375 0.10625 0.025
-0.0375 0.10625 -0.025
-0.09375 0.11875 0.01875
-0.0125 0.0875 0.05625
0.04375 0.09375 0.00625
-0.06875 0.1 0.0375
0.0125 0.0875 -0.025
-0.0625 0.04375 0.03125
-0.075 0.1 -0.00625
-0.03125 0.05625 -0.025
0.03125 0.05625 -0.00625
0.03125 0.05625 -0.00625
-0.03125 0.05625 0.0375
-0.05 0.11875 -0.01875
-0.075 0.15 -0.025
-0.0125 0.1875 -0.03125
-0.00625 0.0375 0.05
0 0.0875 -0.03125
-0.09375 0.13125 0.04375
-0.09375 0.13125 0.04375
-0.09375 0.13125 0.0125
-0.075 0.15 0.0375
-0.0375 0.05625 -0.0125
-0.05625 0.125 0.0375
0.0375 0.05625 -0.01875
-0.06875 0.15 -0.00625
0.03125 0.10625 -0.01875
-0.025 0.03125 0.04375
0.05 0.04375 0.00625
-0.0875 0.08125 0.0125
-0.025 0.03125 -0.01875
0.01875 0.08125 0.05625
0.03125 0.10625 0.04375
-0.05 0.04375 -0.00625
-0.05 0.13125 0.01875
-0.06875 0.15 -0.0375
-0.0875 0.125 -0.00625
-0.00625 0.0375 -0.0125
-0.05 0.04375 0.025
-0.01875 0.125 0.01875
0.01875 0.075 -0.03125
-0.00625 0.0375 0.01875
0.01875 0.125 0.0125
-0.01875 0.125 -0.0125
0.03125 0.0625 -0.025
-0.0625 0.15 0.04375
0.05 0.05 0.03125
-0.0625 0.15 -0.01875
-0.00625 0.1125 0.0375
0.03125 0.0625 0.0375
-0.0875 0.09375 0.03125
-0.00625 0.1125 -0.025
-0.03125 0.0375 0.03125
0.03125 0.0375 0
-0.0125 0.03125 -0.025
-0.01875 0.175 -0.03125
0.0125 0.03125 0.025
-0.0625 0.15 -0.05
-0.08125 0.1625 -0.03125
-0.08125 0.1625 -0.03125
0.0125 0.03125 -0.00625
0.0125 0.03125 -0.00625
-0.0625 0.05 0.0375
-0.01875 0.16875 -0.00625
0 0.06875 0.05625
-0.0625 0.05 0.00625
-0.05 0.1625 -0.00625
-0.05 0.1625 -0.00625
0.025 0.0875 -0.01875
0.025 0.0875 0.04375
0 0.06875 -0.0375
-0.04375 0.075 -0.0125
-0.04375 0.125 0.03125
-0.025 0.0875 0.05
0.04375 0.075 0.0125
-0.0375 0.0625 -0.01875
-0.0625 0.1 -0.0125
-0.0375 0.0625 0.04375
0.0375 0.0625 -0.0125
0.00625 0.09375 0.05
-0.06875 0.03125 -0.00625
-0.00625 0.16875 -0.03125
-0.06875 0.03125 -0.00625
-0.075 0.06875 0
0.01875 0.05625 0.04375
0.0125 0.11875 0.03125
0.05625 0.05625 0.025
-0.01875 0.05625 0.05
0.04375 0.0625 0.03125
-0.04375 0.0375 0.0375
-0.0375 0.08125 -0.025
-0.04375 0.0375 0.00625
-0.06875 0.06875 0.03125
-0.0375 0.125 0.01875
0.0375 0.08125 -0.00625
-0.04375 0.0375 -0.025
0.0375 0.08125 -0.00625
-0.075 0.03125 0.00625
0 0.04375 0.04375
0.05625 0.05625 -0.00625
-0.0375 0.125 -0.0125
-9.31323e-10 0.13125 0.00625
0.04375 0.0375 0.025
0.03125 0.125 0.025
-0.01875 0.10625 0.0375
0.025 0.05 -0.00625
0.025 0.05 -0.00625
-0.025 0.05 0.0375
-0.01875 0.1125 0.03125
-0.025 0.1 0.05
0.03125 0.08125 0.04375
-0.06875 0.18125 -0.0625
0.03125 0.08125 0.04375
-0.01875 0.10625 -0.025
0.03125 0.08125 -0.01875
-0.03125 0.125 0.00625
-0.025 0.05 -0.025
-0.0875 0.10625 0.0125
-0.03125 0.08125 0.05
-0.04375 0.1375 0.0125
-0.0125 0.13125 0.03125
0.0125 0.13125 0
0.025 0.1 -0.01875
0.025 0.1 0.04375
0.025 0.1 0.04375
-0.0375 0.16875 -0.00625
-0.0375 0.16875 -0.00625
-0.05 0.06875 -0.01875
-0.0875 0.14375 0.01875
0.01875 0.0625 0.05
0.05 0.06875 0.01875
0.04375 0.05625 0
-0.05625 0.0625 0.025
-0.05 0.06875 0.04375
0.05625 0.0625 0.00625
-0.05625 0.0625 -0.00625
-0.05625 0.0375 0.03125
-0.05625 0.0625 -0.00625
-0.03125 0.09375 -0.03125
0.025 0.04375 0
0.0125 0.05 0.05
-0.00625 0.08125 0.0625
-0.0125 0.1 0.05625
-0.01875 0.0625 0.04375
0.0125 0.1 -0.025
-0.06875 0.0875 0.0375
-0.01875 0.0625 0.04375
-0.04375 0.15625 0.00625
0.00625 0.08125 -0.03125
0.00625 0.075 -0.0375
0.00625 0.075 0.05625
-0.04375 0.1125 -0.0125
-0.0375 0.175 0
-0.0625 0.03125 0.0125
-0.03125 0.16875 -0.01875
0 0.1 -0.03125
-0.0625 0.03125 0.04375
-0.06875 0.1625 -0.00625
-0.06875 0.1625 -0.00625
0.03125 0.10625 0.03125
0.03125 0.1125 0.00625
-0.0875 0.075 0.00625
0.03125 0.1125 0.0375
-0.0875 0.08125 0.03125
-0.05 0.13125 0
-0.06875 0.1625 -0.0375
0.01875 0.125 0.03125
-0.01875 0.125 0
-0.0625 0.11875 -0.00625
-0.00625 0.0375 -9.31323e-10
-0.075 0.1625 -0.025
-0.09375 0.13125 0.03125
-0.025 0.06875 -0.0375
0.01875 0.075 0.05
0.05625 0.075 0.00625
0.025 0.06875 -0.025
-0.025 0.06875 0.05625
0.0375 0.05625 0.03125
-0.04375 0.16875 0.00625
-0.0625 0.04375 0.04375
-0.025 0.18125 -0.025
-0.06875 0.05 0
-0.0625 0.13125 0.0375
-0.0625 0.04375 0.0125
-0.0625 0.04375 0.04375
-0.05 0.11875 0.03125
0.00625 0.0375 0.03125
-0.08125 0.13125 0.05625
0.0375 0.1125 0.01875
-0.0375 0.1125 -0.01875
0.00625 0.0625 -0.0375
-0.08125 0.13125 -0.00625
-0.09375 0.11875 0
-0.0375 0.15625 -0.00625
0.00625 0.0625 0.05625
-0.0375 0.15625 -0.00625
0.04375 0.08125 0.00625
0.04375 0.075 0.03125
-0.04375 0.125 0.0125
-0.0125 0.18125 -0.01875
-0.0375 0.0375 0.025
0.0375 0.0625 0
0.0375 0.0375 0.00625
0 0.03125 -0.01875
-0.0375 0.0375 -0.00625
-0.06875 0.13125 0.05
0 0.03125 0.0125
-0.075 0.04375 0.00625
0.00625 0.10625 0.05
-0.08125 0.1 0.03125
-0.06875 0.04375 -0.00625
-0.06875 0.13125 -0.0125
-0.05 0.15 -0.00625
-0.00625 0.05625 0.05625
-0.025 0.0875 -0.03125
-0.06875 0.04375 0.025
-0.00625 0.05625 -0.0375
-0.075 0.11875 -0.0125
-0.0125 0.06875 0.05
-0.05 0.1 -0.025
-0.01875 0.175 -0.0125
-0.08125 0.15 0
-0.05 0.1 0.0375
-0.0625 0.1625 -0.05
0.00625 0.05625 -0.025
-0.08125 0.1625 -0.0125
-0.08125 0.1625 -0.0125
-0.00625 0.10625 -0.01875
-0.05 0.05 -0.0125
0.05 0.05 0.0125
-0.00625 0.10625 0.04375
-0.0625 0.1625 -0.01875
-0.0625 0.15 0.03125
-0.05 0.05 0.01875
-0.03125 0.0375 0.04375
-0.01875 0.09375 -0.025
-0.075 0.11875 0.05
-0.03125 0.0375 0.0125
-0.03125 0.0375 0.04375
-0.0875 0.09375 0.0125
-0.03125 0.0375 -0.01875
0.03125 0.0375 0.01875
-0.03125 0.0375 -0.01875
-0.06875 0.11875 0.04375
0.025 0.1125 -0.01875
-0.025 0.1125 -0.0125
-0.0375 0.18125 -0.00625
-0.0375 0.18125 -0.00625
0.00625 0.0875 0.05625
0.03125 0.06875 0.04375
-0.0125 0.0375 0.0125
0.0125 0.0375 -0.0125
-0.0125 0.0375 0.04375
0.00625 0.0875 -0.0375
-0.0125 0.0375 0.04375
0.03125 0.06875 0.04375
-0.0125 0.0375 -0.01875
0.0125 0.0375 0.01875
-0.05625 0.05 0.03125
0.03125 0.06875 -0.01875
0.05625 0.05 0
-0.08125 0.175 -0.04375
-0.06875 0.075 0.0375
-0.08125 0.175 -0.04375
-0.0625 0.175 -0.05
-0.03125 0.18125 -0.01875
-0.0375 0.06875 -0.025
0.0375 0.06875 -0.00625
0.0375 0.06875 -0.00625
-0.01875 0.1625 -0.0125
-0.01875 0.1625 -0.0125
-0.0375 0.06875 0.0375
-0.08125 0.09375 0.0375
-0.075 0.075 0.025
0.04375 0.04375 0
-0.075 0.075 -0.00625
-0.0375 0.03125 -0.03125
-0.075 0.075 -0.00625
-0.05625 0.1625 0.00625
0.00625 0.03125 0.00625
-0.075 0.09375 -0.0125
-0.05625 0.11875 -0.0125
0.04375 0.05 -0.00625
-0.04375 0.05 0.0375
-0.06875 0.175 -0.0375
0.04375 0.05 0.025
-0.08125 0.075 0.0125
0.00625 0.03125 -0.025
-0.01875 0.11875 0.0375
0.00625 0.06875 -0.03125
0.0625 0.075 0.0125
-0.00625 0.18125 -0.03125
0.01875 0.11875 -0.00625
-0.0625 0.075 -0.0125
0.01875 0.11875 -0.00625
0.04375 0.1 0.0125
0.01875 0.11875 0.025
-0.06875 0.09375 -0.01875
-0.06875 0.09375 0.04375
-0.0875 0.11875 0.04375
-0.075 0.175 -0.05625
-0.0875 0.11875 0.04375
-0.06875 0.09375 0.04375
-0.0875 0.11875 0.0125
-0.09375 0.125 0.0375
0.05625 0.04375 0.025
-0.01875 0.04375 0.05
-0.09375 0.125 0.00625
-0.04375 0.15 0.0125
0.0125 0.1125 0.0375
-0.05625 0.04375 0.0375
-0.0875 0.13125 0.05
-0.025 0.0375 0.0375
-0.0875 0.13125 0.01875
-0.05 0.125 -0.00625
-0.01875 0.13125 0.025
-0.05 0.125 -0.00625
-0.05 0.08125 -0.01875
0.025 0.0375 -0.00625
0.05 0.08125 0.01875
0.025 0.0375 -0.00625
-0.05 0.08125 0.04375
-0.025 0.0375 0.00625
-0.025 0.0625 -0.03125
-0.06875 0.16875 -0.0625
0.01875 0.04375 0.04375
0.025 0.0375 0.025
-0.025 0.0375 -0.025
0.01875 0.04375 0.04375
0.01875 0.04375 -0.01875
-0.06875 0.16875 -0.03125
0.01875 0.13125 0.00625
-0.05 0.125 0.025
-0.0375 0.1 0.04375
0.0375 0.1 -0.0125
-0.0625 0.0625 0.01875
-0.0375 0.1 0.04375
-0.06875 0.15625 -9.31323e-10
-0.00625 0.11875 -0.01875
-0.0375 0.1 -0.01875
0.0375 0.1 0.01875
-0.0625 0.0625 -0.0125
-0.00625 0.11875 0.04375
0.0625 0.0625 0.0125
-0.06875 0.10625 -0.01875
-0.08125 0.14375 -0.00625
-0.05 0.1375 0.025
-0.08125 0.14375 -0.00625
-0.06875 0.10625 0.04375
-0.06875 0.10625 0.04375
0.00625 0.13125 0.0125
-0.09375 0.1375 0.00625
-0.075 0.10625 -0.0125
0 0.09375 -0.0375
-0.0625 0.14375 0.0375
-0.09375 0.1375 0.0375
-0.0125 0.16875 -0.01875
-0.0625 0.14375 -0.025
0 0.09375 0.05625
0.00625 0.04375 -0.025
0.0375 0.05 0.0375
-0.075 0.15625 0.03125
-0.09375 0.14375 0.03125
-0.025 0.125 0.0125
-0.05 0.0375 0.01875
-0.025 0.08125 -0.0375
-0.05 0.0375 -0.0125
-0.0625 0.1375 0.03125
-0.025 0.075 -0.03125
0.025 0.125 0.01875
0.05625 0.06875 0.03125
-0.03125 0.05 -0.01875
-0.00625 0.13125 0.01875
-0.025 0.08125 0.05625
0.025 0.08125 -0.025
0.03125 0.05 -0.0125
-0.03125 0.05 0.04375
0.03125 0.05 -0.0125
-0.03125 0.05 0.04375
-0.0125 0.09375 -0.03125
-0.05 0.14375 0
0.03125 0.1 0.0375
-0.0375 0.15 -0.0125
0.00625 0.11875 -0.0125
-0.08125 0.1375 0
-0.05625 0.03125 0.00625
-0.0375 0.1625 0
-0.05625 0.03125 0.0375
0.04375 0.0875 0.03125
-0.05 0.0375 0.05
0.0125 0.125 0.025
-0.09375 0.1125 0.025
-0.0125 0.125 0.0375
-0.0125 0.125 0.00625
0.0125 0.125 -0.00625
0.0125 0.125 -0.00625
-0.0625 0.05625 0.0125
0.0625 0.05625 0.01875
-0.00625 0.05 -0.03125
-0.05 0.1125 0.0375
-0.08125 0.1125 0.03125
-0.06875 0.14375 -0.0125
-0.04375 0.03125 0.03125
-0.075 0.0625 0.025
-0.06875 0.14375 -0.0125
-0.08125 0.10625 0.0375
-0.08125 0.10625 0.0375
0 0.125 0.03125
0.01875 0.0875 0.05
0.0375 0.04375 0.03125
-0.0375 0.04375 -0.03125
0.04375 0.06875 0.00625
-0.025 0.16875 -0.025
0.03125 0.11875 0.03125
-0.06875 0.0625 0.00625
-0.06875 0.0375 0
-0.075 0.14375 0.04375
-0.0875 0.0875 0.00625
-0.075 0.14375 0.04375
-0.075 0.14375 -0.01875
-0.06875 0.14375 0.05
0.04375 0.06875 0.025
-0.025 0.16875 -0.00625
-0.0625 0.10625 0.0375
-0.0875 0.0875 -0.00625
-0.075 0.14375 -0.0125
-0.075 0.14375 -0.0125
-0.06875 0.0625 0.025
-0.0875 0.0875 0.025
-0.06875 0.0625 -0.00625
-0.06875 0.0375 0.03125
-0.06875 0.0625 -0.00625
-0.03125 0.11875 0.03125
-0.04375 0.06875 0.0375
0.04375 0.06875 -0.00625
0.01875 0.0875 0.04375
0.04375 0.06875 -0.00625
0.03125 0.11875 0
0.0375 0.04375 0
0 0.125 0
-0.075 0.0375 0
-0.05625 0.0875 -0.025
-0.075 0.0625 0.00625
-0.01875 0.0875 0.05
0.00625 0.05 -0.03125
-0.06875 0.14375 0.04375
-0.04375 0.03125 -9.31323e-10
-0.06875 0.14375 0.04375
-0.04375 0.03125 -0.03125
-0.075 0.14375 0.05
-0.08125 0.1125 0
-0.08125 0.10625 -0.00625
-0.06875 0.14375 -0.01875
-0.08125 0.10625 -0.00625
-0.0625 0.05625 0.01875
-0.05 0.15625 0.0125
0.0125 0.08125 0.05
0.0625 0.05625 0.0125
0.0125 0.125 0.00625
-0.0125 0.125 -0.00625
-0.09375 0.1125 0.0375
-0.0125 0.125 -0.00625
0.0125 0.125 0.0375
-0.09375 0.1125 0.00625
-0.0125 0.125 0.025
-0.03125 0.1 -0.025
0.04375 0.0875 0
0.00625 0.11875 -0.01875
-0.05625 0.03125 -0.00625
-0.05625 0.03125 -0.00625
0.00625 0.11875 0.04375
-0.03125 0.1 0.0375
-0.03125 0.05 0.05
-0.05625 0.03125 0.025
0.0125 0.09375 -0.03125
-0.00625 0.13125 0.0125
0.01875 0.03125 -0.0125
0.03125 0.05 0.04375
-0.03125 0.05 -0.0125
0.05625 0.06875 0
-0.01875 0.03125 -0.01875
0.03125 0.05 -0.01875
-0.05625 0.06875 0.03125
-0.0625 0.1375 0
-0.05 0.0375 0.04375
0.025 0.075 -0.03125
-0.05 0.0375 0.04375
-0.00625 0.04375 -0.025
-0.025 0.125 0.01875
-0.05 0.0375 0.0125
0.025 0.125 0.0125
-0.06875 0.05625 0.00625
-0.025 0.125 -0.0125
-0.05 0.0375 -0.01875
-0.025 0.125 -0.0125
-0.075 0.15625 -9.31323e-10
-0.09375 0.1375 0.025
0.0375 0.05 -0.00625
0.0375 0.05 -0.00625
-0.075 0.15625 -0.03125
-0.0375 0.05 0.0375
0 0.09375 -0.025
0.00625 0.13125 0.01875
-0.0625 0.14375 -0.00625
-0.0625 0.14375 -0.00625
-0.0125 0.16875 -0.0125
-0.075 0.10625 0.04375
-0.0375 0.05 -0.025
-0.08125 0.14375 0.0375
-0.06875 0.10625 -0.0125
-0.00625 0.11875 -0.0125
-0.05 0.1375 0.00625
-0.0625 0.0625 0.0125
0.0625 0.0625 0.01875
0.0375 0.1 0.0125
-0.06875 0.15625 0.03125
-0.01875 0.13125 0.00625
-0.025 0.0375 0.025
0.01875 0.04375 -0.0125
-0.025 0.0375 0.05625
-0.0875 0.13125 0.0125
-0.025 0.0375 -0.00625
-0.0875 0.13125 0.04375
-0.0875 0.13125 0.04375
-0.05 0.125 0.0375
0.025 0.0375 0.00625
0.025 0.0625 -0.03125
-0.00625 0.03125 -0.025
0 0.05625 0.05
0.025 0.0375 0.0375
0.01875 0.13125 0.025
0.05 0.08125 0.0125
-0.05625 0.04375 -0.00625
0.05625 0.04375 0.00625
-0.0125 0.1125 -0.025
-0.09375 0.125 0.025
-0.0125 0.1125 0.0375
0.0375 0.0875 0.03125
-0.04375 0.1625 0
-0.075 0.16875 -0.03125
-0.05625 0.04375 0.025
-0.04375 0.1 0.04375
-0.06875 0.09375 -0.0125
-0.04375 0.1 0.04375
0.04375 0.1 0.01875
-0.01875 0.11875 0.025
-0.04375 0.1 -0.01875
-0.0875 0.11875 0.01875
-0.0625 0.075 0.04375
-0.01875 0.11875 -0.00625
-0.01875 0.11875 -0.00625
-0.0625 0.075 0.04375
-0.075 0.175 -0.0375
-0.0625 0.075 -0.01875
0.01875 0.11875 0.0375
0.0625 0.075 0.01875
-0.08125 0.075 0.01875
-0.08125 0.075 0.01875
0.00625 0.03125 0.025
0 0.10625 -0.025
-0.08125 0.075 -0.0125
-0.05625 0.11875 -0.01875
-0.075 0.09375 -0.01875
-0.0875 0.11875 0.05
-0.075 0.09375 0.04375
-0.04375 0.05 -0.00625
-0.06875 0.175 -0.05625
0.00625 0.03125 -0.00625
-0.075 0.09375 0.04375
0.00625 0.03125 -0.00625
-0.05625 0.1625 -0.00625
-0.0625 0.175 -0.04375
-0.075 0.075 0.0375
-0.075 0.08125 0.03125
-0.0375 0.03125 0.03125
-0.08125 0.175 -0.05
-0.08125 0.175 -0.05
0.04375 0.04375 0.03125
-0.04375 0.04375 -0.03125
-0.08125 0.09375 -0.00625
-0.01875 0.1625 -0.01875
0.0375 0.06875 0.0375
-0.00625 0.0875 0.05625
-0.06875 0.075 -0.00625
-0.06875 0.075 -0.00625
-0.00625 0.0875 -0.0375
-0.03125 0.18125 -0.0125
-0.03125 0.18125 -0.0125
-0.025 0.05625 -0.03125
0.0125 0.0375 -0.01875
-0.0125 0.0375 0.01875
0.05625 0.05 0.03125
-0.03125 0.06875 -0.01875
0.0125 0.0375 0.04375
-0.03125 0.06875 0.04375
-0.03125 0.06875 0.04375
0.03125 0.06875 -0.0125
-0.0125 0.0375 -0.0125
0.0125 0.0375 0.04375
-0.01875 0.1 -0.03125
-0.025 0.1125 0.04375
-0.025 0.1125 0.04375
0.025 0.1125 -0.0125
-0.025 0.1125 -0.01875
-0.0125 0.0375 0.05
-0.025 0.15625 -0.00625
-0.025 0.15625 -0.00625
-0.03125 0.0375 0.01875
-0.03125 0.0375 0.05
-0.06875 0.11875 -0.0125
-0.06875 0.11875 -0.0125
0.03125 0.0375 0.0125
-0.01875 0.09375 0.05625
-0.03125 0.0375 -0.0125
-0.0875 0.09375 0.01875
0.01875 0.09375 -0.025
-0.0625 0.15 -0.03125
-0.0625 0.15 0
-0.05 0.05 0.0125
-0.0625 0.1625 -0.04375
-0.05 0.05 0.04375
-0.01875 0.09375 -0.0375
-0.0625 0.1625 -0.0125
-0.05 0.05 0.04375
0.05 0.05 0.01875
-0.08125 0.15 0.03125
-0.08125 0.15 0.03125
-0.08125 0.1625 -0.01875
0.00625 0.05625 0.05625
-0.08125 0.1625 -0.01875
-0.06875 0.11875 0.05
-0.05625 0.09375 -0.01875
-0.05625 0.09375 0.04375
-0.03125 0.0375 0.05
-0.01875 0.175 -0.01875
0.0125 0.06875 0.05
-0.05 0.15 0.00625
-0.06875 0.13125 0.04375
-0.06875 0.04375 0.0375
-0.06875 0.13125 0.04375
-0.06875 0.04375 0.00625
-0.075 0.13125 0.05
-0.09375 0.15 0.025
0 0.03125 -0.0125
-0.0375 0.0375 0.0375
0.00625 0.10625 -0.01875
0.04375 0.08125 0.025
0.00625 0.10625 0.04375
0.0375 0.0625 0.03125
0.0375 0.0375 -0.00625
-0.0375 0.0375 0.00625
0 0.03125 0.01875
-0.04375 0.08125 -0.025
0.00625 0.10625 0.04375
-0.075 0.13125 -0.0125
-0.0375 0.0375 -0.025
0.0375 0.0375 0.025
-0.04375 0.125 0.01875
0.04375 0.075 0
-0.04375 0.125 -0.0125
0.04375 0.08125 -0.00625
0.04375 0.08125 -0.00625
-0.0375 0.15625 0.00625
-0.09375 0.11875 0.03125
-0.0625 0.04375 0.05
0.00625 0.0375 -9.31323e-10
-0.0375 0.1125 -0.0125
0.0375 0.1125 0.0125
-0.025 0.18125 -0.00625
-0.04375 0.175 0
-0.025 0.18125 -0.00625
-0.0625 0.04375 0.01875
-0.0625 0.13125 -0.00625
-0.0625 0.04375 -0.0125
-0.05625 0.075 0.0375
-0.04375 0.16875 -0.00625
-0.08125 0.11875 0.05625
0.0375 0.05625 0
-0.04375 0.16875 -0.00625
-0.075 0.1625 -0.00625
-0.075 0.1625 -0.00625
-0.075 0.1625 -0.0375
-0.025 0.06875 -0.025
-0.01875 0.075 0.05
0.05625 0.075 0.025
-0.025 0.06875 0.0375
-0.0125 0.1875 -0.01875
-0.08125 0.11875 -0.00625
-0.03125 0.15625 -0.0125
0.03125 0.1125 0.025
-0.06875 0.1625 -0.05625
-0.00625 0.0375 0.03125
-0.06875 0.1625 -0.025
0.01875 0.125 0
-0.0625 0.11875 0.0375
-0.01875 0.125 0.03125
-0.00625 0.0625 -0.0375
-0.0875 0.075 0.025
-0.0875 0.08125 0
-0.025 0.03125 -0.03125
-0.05 0.13125 0.03125
-0.03125 0.1125 0.0375
0.03125 0.1125 -0.00625
0.03125 0.1125 -0.00625
0.03125 0.10625 0
-0.00625 0.0625 0.05625
-0.0625 0.03125 -0.0125
-0.0625 0.03125 -0.0125
-0.03125 0.16875 -0.0125
-0.0625 0.03125 0.01875
-0.04375 0.1125 -0.01875
-0.04375 0.15625 -0.00625
-0.04375 0.15625 -0.00625
-0.05625 0.14375 0.01875
-0.0125 0.1 -0.025
0.01875 0.0625 0.04375
-0.0125 0.05 0.05
0.025 0.04375 0.03125
-0.00625 0.075 0.05625
-0.025 0.04375 -0.03125
-0.05625 0.0625 0.0375
0.0125 0.05 0.04375
0.05625 0.0625 -0.00625
-0.05625 0.0375 0
0.05625 0.0625 0.025
-0.0875 0.14375 0.04375
-0.0875 0.14375 0.0125
-0.05 0.06875 -0.0125
-0.01875 0.0625 0.05
0.04375 0.05625 0.03125
-0.075 0.0875 0.0375
0.05 0.06875 0.0125
-0.00625 0.09375 0.05
0.025 0.1 -0.0125
-0.025 0.1 0.04375
-0.025 0.1 0.04375
-0.05625 0.15625 0
-0.0125 0.13125 0
-0.00625 0.175 -0.025
0.0125 0.13125 0.03125
-0.025 0.1 -0.01875
-0.05625 0.10625 -0.01875
-0.08125 0.0875 -0.0125
-0.08125 0.0875 -0.0125
-0.05625 0.10625 0.04375
0.03125 0.08125 0.05
0 0.11875 0.0375
-0.05625 0.10625 0.04375
-0.04375 0.1375 0.01875
-0.025 0.05 0.05625
0.025 0.05 -0.025
0.03125 0.125 0.00625
-0.0625 0.0875 -0.01875
-0.03125 0.125 -0.00625
-0.03125 0.125 -0.00625
-0.0625 0.0875 0.04375
-0.03125 0.08125 0.04375
-0.0875 0.10625 0.01875
0.01875 0.10625 -0.025
-0.0625 0.0875 0.04375
0.03125 0.08125 -0.0125
0.01875 0.1125 0.03125
0.025 0.05 0.0375
0.025 0.1 0.05
-0.0875 0.15625 0.03125
-0.03125 0.125 0.025
0.01875 0.10625 0.0375
0 0.13125 -0.00625
0.0375 0.08125 0.0375
0 0.13125 -0.00625
0.05625 0.05625 0.00625
-0.0375 0.125 0.0125
-0.05625 0.05625 -0.00625
-0.05625 0.05625 -0.00625
0.0375 0.075 0.03125
-0.0375 0.075 -0.03125
-0.04375 0.0375 0.025
-0.04375 0.0375 -0.00625
-0.06875 0.06875 0
0 0.13125 0.025
0.01875 0.05625 0.05
0.04375 0.0375 0.00625
-0.05625 0.05625 0.025
-0.0125 0.11875 0.03125
0.04375 0.0625 0
-0.01875 0.05625 0.04375
-0.075 0.06875 0.03125
-0.01875 0.05625 0.04375
-0.06875 0.03125 0.00625
0 0.04375 0.05
-0.06875 0.03125 0.0375
-0.025 0.1625 0
-0.0375 0.0625 -0.0125
-0.0625 0.1 -0.01875
-0.0625 0.1 0.04375
0 0.03125 0
0.00625 0.1125 0.0375
-0.0625 0.1 0.04375
0.0375 0.0625 -0.01875
0.04375 0.075 -0.0125
-0.04375 0.125 0
0.04375 0.075 -0.0125
0.025 0.0875 0.05
-0.0125 0.18125 -0.03125
-0.04375 0.075 -0.01875
0.04375 0.075 0.01875
-0.04375 0.075 0.04375
-0.04375 0.075 0.04375
-0.025 0.0875 0.04375
-0.01875 0.16875 -0.025
-0.0625 0.05 0.025
-0.05 0.1625 0.00625
-0.0625 0.05 -0.00625
-0.08125 0.1 -0.0125
0.0125 0.03125 0.00625
-0.08125 0.15 0.04375
-0.08125 0.15 0.04375
0.0125 0.03125 -0.025
-0.03125 0.0375 0
0.03125 0.0375 0.03125
-0.03125 0.0375 -0.03125
0.0125 0.06875 -0.03125
-0.03125 0.0625 0.0375
-0.0875 0.09375 0
-0.0625 0.1625 -0.03125
-0.05 0.05 0.03125
-0.0625 0.15 -0.04375
-0.0625 0.15 -0.0125
-0.03125 0.0625 -0.025
0.05 0.05 0
-0.0625 0.15 -0.0125
-0.0625 0.1625 -0.0625
-0.01875 0.125 0.0125
0.05 0.04375 0.025
0.01875 0.125 -0.0125
-0.06875 0.15 -0.025
-0.00625 0.0375 -0.01875
-0.03125 0.15625 0
0.01875 0.125 0.01875
-0.00625 0.0375 0.04375
-0.00625 0.0375 0.04375
-0.00625 0.0375 0.0125
-0.06875 0.15 0.0375
0.01875 0.08125 -0.025
-0.0875 0.08125 0.01875
-0.0875 0.125 0.00625
-0.03125 0.10625 0.04375
-0.03125 0.10625 0.04375
-0.01875 0.08125 0.05625
0.03125 0.10625 -0.0125
-0.05 0.04375 0.0375
0.05 0.04375 -0.00625
-0.05 0.13125 0.0125
-0.0875 0.125 0.0375
-0.03125 0.10625 -0.01875
-0.05625 0.08125 0.04375
-0.075 0.15 -0.00625
-0.075 0.15 -0.00625
-0.05625 0.08125 -0.01875
0.0375 0.05625 -0.0125
-0.05625 0.125 -0.00625
0.0375 0.05625 -0.0125
-0.075 0.15 -0.0375
-0.05625 0.125 -0.00625
-0.09375 0.13125 0.01875
0.03125 0.05625 0.0375
0.00625 0.0375 0.05
-0.05 0.11875 -0.0125
-0.04375 0.175 -0.0125
0.03125 0.05625 -0.025
-0.0625 0.04375 0
-0.075 0.1 0.0375
0.04375 0.09375 -0.00625
-0.09375 0.11875 0.0125
-0.09375 0.11875 0.04375
0.04375 0.09375 -0.00625
-0.09375 0.11875 0.04375
0.0125 0.0875 0.05625
0.00625 0.0375 -0.0125
-0.04375 0.09375 -0.025
0.0375 0.1125 0.03125
0.0375 0.10625 0.00625
0.04375 0.09375 0.025
0.0375 0.10625 0.0375
0.00625 0.0375 0.01875
-0.025 0.04375 0.05
-0.05625 0.0375 -0.0125
-0.05625 0.0375 -0.0125
-0.05625 0.0375 0.01875
-0.0125 0.05 -0.03125
-0.03125 0.175 -0.00625
0.05 0.06875 0.03125
-0.03125 0.175 -0.00625
-0.04375 0.05625 -0.0125
-0.03125 0.175 -0.00625
-0.0875 0.14375 0.03125
-0.01875 0.0375 0.0375
-0.05625 0.14375 0
0.01875 0.0375 -0.00625
-0.01875 0.0375 0.00625
-0.00625 0.125 0.0375
0.01875 0.0375 -0.00625
0.025 0.04375 0.04375
-0.05625 0.0375 0.05
0.03125 0.09375 -0.0125
-0.01875 0.0375 -0.025
0.01875 0.0375 0.025
-0.05 0.03125 0.0375
-0.03125 0.09375 0.04375
0.025 0.04375 0.04375
-0.05 0.03125 0.00625
0.025 0.04375 -0.01875
0.0625 0.06875 0.025
-0.05625 0.1375 -0.00625
-0.04375 0.10625 0.0375
0.04375 0.10625 -0.00625
0.00625 0.125 0.025
-0.04375 0.1125 0.03125
-0.0125 0.1625 -0.00625
-0.04375 0.10625 -0.025
-0.0625 0.06875 0.0375
0 0.05 0.05625
-0.05625 0.1375 0.025
0.00625 0.125 -0.00625
0.04375 0.10625 0.025
0.0375 0.09375 0.0375
0.00625 0.125 -0.00625
-0.025 0.11875 0.0375
-0.08125 0.06875 -0.00625
0.025 0.11875 -0.00625
0.025 0.11875 -0.00625
-0.0875 0.1375 0.0375
0.025 0.11875 0.025
0 0.1 -0.01875
-0.0375 0.175 -0.01875
-0.08125 0.06875 0.025
-0.0875 0.1375 0.00625
0 0.1 0.04375
-0.08125 0.06875 0.025
-0.0625 0.03125 0
0.01875 0.05625 -0.03125
-0.075 0.06875 0.0125
0.05 0.0875 0.00625
-0.00625 0.16875 -0.01875
-0.025 0.1625 -0.0125
-0.04375 0.14375 -0.00625
0 0.04375 -0.03125
0.0375 0.075 0.04375
-0.0375 0.125 0.03125
0.0375 0.075 -0.01875
-0.0125 0.11875 0.04375
-0.04375 0.0625 -0.01875
0.0125 0.11875 -0.0125
0.04375 0.0625 -0.0125
-0.06875 0.06875 0.01875
-0.04375 0.0625 0.04375
-0.0125 0.11875 -0.01875
-0.04375 0.0625 0.04375
-0.06875 0.06875 -0.0125
-0.0875 0.10625 0
-0.03125 0.075 0.0375
-0.0875 0.15625 0.0125
-0.0875 0.1125 0.025
0.01875 0.1125 -0.01875
-0.00625 0.09375 -0.03125
-0.03125 0.075 -0.025
0.01875 0.1125 0.04375
-0.01875 0.1125 -0.0125
0.0125 0.13125 0.0125
-0.05625 0.15625 0.01875
-0.0125 0.13125 0.01875
-0.075 0.18125 -0.04375
0.0125 0.04375 -0.025
-0.06875 0.18125 -0.05
-0.05625 0.1125 0.0375
-0.075 0.1375 -0.00625
0.0125 0.08125 -0.03125
-0.00625 0.1 0.05625
0.0125 0.075 -0.0375
-0.025 0.175 -0.0125
-0.0375 0.11875 0.025
0.0375 0.11875 0.00625
-0.0375 0.11875 -0.00625
0.0125 0.075 0.05625
-0.00625 0.05 0.04375
0.03125 0.04375 0.0375
-0.025 0.09375 -0.025
-0.0625 0.05625 0
-0.06875 0.1375 0.0375
-0.03125 0.04375 0.05625
0 0.125 -0.0125
-0.0375 0.04375 -0.01875
0.0375 0.04375 0.01875
-0.08125 0.15625 0.0375
0 0.075 0.0625
-0.0375 0.13125 0.00625
-0.0375 0.04375 0.04375
-0.08125 0.15625 0.00625
-0.0375 0.04375 0.04375
-0.08125 0.15625 -0.025
-0.04375 0.03125 -0.0125
-0.075 0.14375 -0.03125
-0.0625 0.1125 -0.01875
0.05 0.05625 0.025
-0.08125 0.1125 0.05
-0.08125 0.1125 0.05
-0.0625 0.15625 0.025
0.00625 0.05 0.05
-0.0625 0.1125 0.04375
-0.0625 0.1125 0.04375
-0.0625 0.15625 -0.00625
-0.0625 0.15625 -0.00625
0.03125 0.11875 -0.0125
-0.06875 0.0375 0.04375
0.05 0.05625 -0.00625
-0.05 0.05625 0.0375
-0.06875 0.0375 0.0125
-0.0625 0.15625 -0.0375
0.03125 0.11875 0.01875
-0.03125 0.11875 -0.01875
0.00625 0.1 -0.025
-0.01875 0.18125 -0.025
-0.0625 0.0375 0.025
-0.06875 0.1125 -0.00625
-0.06875 0.1125 -0.00625
-0.03125 0.1625 -0.00625
-0.03125 0.1625 -0.00625
0.0375 0.1 0.03125
-0.06875 0.15625 0.0125
-0.06875 0.1125 0.05625
-0.06875 0.15625 -0.01875
-0.0625 0.0375 -0.00625
0.0625 0.0625 0
-0.0625 0.0375 -0.00625
-0.0625 0.0625 0.03125
-0.075 0.15625 0.01875
-0.06875 0.15625 -0.05
-0.075 0.15625 -0.0125
-0.075 0.15625 -0.0125
-0.075 0.15625 -0.04375
0.00625 0.13125 0
-0.0125 0.16875 -0.03125
-0.075 0.1125 0.0375
-0.05625 0.06875 0.04375
0.0125 0.09375 0.05
-0.05 0.0625 0.025
0.01875 0.03125 -9.31323e-10
0.05625 0.06875 0.01875
-0.05625 0.06875 -0.01875
0.03125 0.05 0.03125
-0.03125 0.05 -0.03125
-0.00625 0.13125 0.03125
-0.025 0.125 0
0.025 0.125 0.03125
-0.09375 0.14375 0.01875
-0.025 0.075 0.04375
-0.0625 0.1375 -0.0125
-0.05 0.0625 -0.00625
-0.05 0.0375 0.03125
-0.025 0.075 0.04375
0.00625 0.11875 0.03125
-0.08125 0.1375 0.04375
-0.08125 0.1375 0.04375
-0.04375 0.0875 0.04375
0.04375 0.0875 0.01875
-0.0375 0.1625 -0.01875
-0.01875 0.06875 -0.0375
-0.04375 0.0875 -0.01875
0.025 0.075 0.05
0.04375 0.0875 -0.0125
0.04375 0.0875 -0.0125
0.01875 0.06875 -0.025
-0.01875 0.06875 0.05625
-0.05 0.14375 0.0125
-0.0125 0.05625 -0.0375
-0.0625 0.125 0.05
-0.08125 0.075 0
-0.08125 0.08125 -0.00625
-0.08125 0.08125 -0.00625
-0.0125 0.05625 0.05625
-0.05625 0.11875 0.03125
0 0.1125 -0.01875
0.0125 0.05625 -0.025
0 0.1125 0.04375
0 0.1125 0.04375
0.04375 0.1 0
-0.03125 0.0875 -0.025
-0.0875 0.11875 0
-0.0625 0.08125 0.0375
-0.0625 0.125 -0.0125
-0.0625 0.125 -0.0125
-0.05625 0.13125 0
0 0.05625 -0.03125
0.025 0.0625 0.05
-0.0125 0.10625 0.04375
-0.04375 0.1625 -0.0125
-0.075 0.16875 -0.04375
-0.075 0.16875 -0.0125
-0.0125 0.10625 0.04375
0.0375 0.0875 -0.01875
-0.06875 0.16875 -0.05
-0.04375 0.15 0
-0.0125 0.10625 -0.01875
0.0375 0.0875 0.04375
-0.06875 0.16875 -0.01875
0.0125 0.10625 0.05
0.05 0.075 0.00625
-0.025 0.0625 0.04375
-0.0875 0.13125 0.03125
-0.025 0.0625 0.04375
-0.0625 0.16875 -0.0375
-0.025 0.10625 0.0375
-0.05625 0.1 -0.025
-0.025 0.1125 0.03125
-0.01875 0.1 0.05
0.025 0.1125 0
-0.025 0.10625 -0.025
-0.01875 0.05 -0.025
-0.05625 0.1 0.0375
-0.0125 0.0375 -0.03125
0.0125 0.0375 0.03125
-0.05625 0.05 0.01875
-0.04375 0.11875 0.0375
-0.0125 0.0375 0
0.05625 0.05 0.0125
-0.0875 0.1 -0.00625
-0.08125 0.16875 -0.025
-0.08125 0.16875 -0.025
0.01875 0.1 -0.01875
-0.0875 0.1 0.025
0.01875 0.1 0.04375
0.01875 0.1 0.04375
0.0125 0.0625 0.05625
0.025 0.05625 0.04375
-0.0875 0.15 0.0375
0.025 0.05625 0.04375
-0.0875 0.15 0.00625
-0.06875 0.08125 -0.0125
0.025 0.05625 -0.01875
-0.0625 0.175 -0.0625
-0.04375 0.13125 0.025
-0.05625 0.15 -0.00625
-0.0375 0.03125 0.04375
-0.025 0.05625 0.05
-0.075 0.08125 0.04375
-0.0375 0.03125 0.0125
-0.075 0.125 -0.00625
-0.075 0.08125 -0.01875
-9.31323e-10 0.0375 -0.00625
0 0.0375 -0.00625
-0.0375 0.03125 -0.01875
-0.075 0.125 0.05625
-0.04375 0.04375 -0.0125
0 0.0375 0.025
0.04375 0.04375 0.0125
-0.04375 0.13125 -0.00625
-0.05625 0.15 0.025
-0.04375 0.13125 -0.00625
0.00625 0.0625 0.05
-0.025 0.18125 -0.01875
-0.0625 0.13125 0.04375
-0.0625 0.04375 0.0375
-0.0625 0.13125 0.04375
-0.0625 0.04375 0.00625
-0.08125 0.13125 0.05
-0.0375 0.15625 -0.0125
0.0375 0.1125 0.025
0.04375 0.09375 0.03125
-0.0375 0.1125 0.0375
0.0375 0.1125 -0.00625
0.0375 0.1125 -0.00625
0.0375 0.10625 0
-0.025 0.06875 0.05
-0.03125 0.15625 0.00625
-0.0625 0.11875 -0.0125
0.01875 0.08125 -0.03125
-0.06875 0.15 -0.03125
-0.075 0.1625 -0.05
0.05 0.04375 0.03125
-0.0875 0.075 0.0125
-0.06875 0.15 0
-0.0875 0.125 0
0.01875 0.075 0.05625
-0.03125 0.1125 -0.0125
0.03125 0.1125 0.0125
-0.06875 0.1625 -0.04375
-0.06875 0.1625 -0.0125
0 0.0875 0.05625
-0.05625 0.125 0.03125
-0.075 0.15 0.03125
-0.075 0.1625 -0.01875
0.05625 0.075 0.0125
-0.05625 0.075 -0.0125
-0.0625 0.11875 0.05
0.025 0.06875 0.04375
0 0.0875 -0.0375
0.025 0.06875 -0.01875
-0.08125 0.11875 0.04375
-0.075 0.11875 0.05625
-0.05 0.1 0.04375
0.01875 0.09375 0.05
-0.05 0.1 0.04375
0.0125 0.03125 -9.31323e-10
-0.08125 0.1625 -0.0375
-0.05 0.1 -0.01875
-0.08125 0.1625 -0.0375
-0.075 0.11875 -0.00625
-0.075 0.11875 -0.00625
-0.05 0.05 0.025
-0.0625 0.1625 -0.05625
-0.0875 0.09375 0.00625
-0.03125 0.0375 0.0375
-0.0625 0.1625 -0.025
0.03125 0.0375 -0.00625
-0.025 0.1875 -0.0125
-0.00625 0.10625 -0.025
-0.03125 0.0375 0.00625
-0.03125 0.0625 -0.03125
0.03125 0.0375 0.025
-0.03125 0.0375 -0.025
-0.01875 0.09375 0.04375
0.0125 0.06875 -0.025
0.05 0.05 0.00625
-0.0125 0.06875 0.05625
-0.03125 0.0375 -0.025
-0.05 0.05 -0.00625
-0.0125 0.18125 -0.025
-0.0375 0.0375 0.01875
0 0.03125 0.00625
-0.0375 0.0375 0.05
0.0375 0.0375 0.0125
-0.0375 0.0375 -0.0125
0 0.03125 -0.025
-0.00625 0.05625 0.05
-0.09375 0.15 0.0125
-0.04375 0.125 0.00625
0.04375 0.08125 0.0125
-0.06875 0.13125 0.05625
-0.06875 0.13125 -0.00625
-0.05 0.1625 0
-0.0625 0.05 0.03125
-0.05 0.15 0.01875
-0.0375 0.0375 0.05
-0.0875 0.10625 0.00625
0.03125 0.08125 0.0375
-0.03125 0.08125 -0.0375
-0.0875 0.1125 0.03125
-0.03125 0.125 0.0125
-0.01875 0.15625 0
-0.00625 0.09375 -0.025
0.03125 0.125 0.01875
-0.03125 0.075 -0.03125
-0.01875 0.10625 0.04375
0.01875 0.10625 -0.0125
0.03125 0.08125 -0.025
-0.025 0.05 -0.01875
-0.01875 0.10625 0.04375
-0.025 0.05 0.04375
0.025 0.05 -0.0125
0.025 0.05 -0.0125
-0.01875 0.10625 -0.01875
-0.025 0.05 0.04375
0.01875 0.10625 0.05
0.025 0.05 0.05
0.025 0.1 0.0375
0 0.11875 -0.0125
-0.04375 0.1375 0.00625
-0.08125 0.0875 0.0375
-0.08125 0.0875 0.0375
0.025 0.1 -0.025
-0.01875 0.05625 -0.0375
-0.01875 0.05625 0.05625
0.01875 0.05625 -0.025
-0.06875 0.03125 0.01875
0 0.13125 0.0125
-0.05625 0.05625 0.0125
-0.0375 0.125 -0.00625
-0.0375 0.08125 -0.01875
0.00625 0.09375 -0.0375
-0.0375 0.125 -0.00625
-0.0375 0.08125 0.04375
0.05625 0.05625 0.01875
0.0375 0.08125 -0.0125
0.0375 0.08125 -0.0125
-0.04375 0.0375 0.04375
0.04375 0.0375 0.01875
0.00625 0.09375 0.05625
-0.04375 0.0375 0.04375
0 0.04375 -0.025
-0.04375 0.0375 0.0125
-0.0375 0.125 0.025
-0.04375 0.0375 -0.01875
-0.05625 0.1375 0.03125
0.00625 0.125 0.03125
-0.0625 0.06875 0
-0.04375 0.15625 0.0125
0.025 0.11875 0.03125
-0.0875 0.1375 0
-0.0625 0.03125 0.00625
-0.0625 0.03125 0.0375
-0.05625 0.0625 0.01875
0.05 0.06875 0.025
0.05625 0.0625 0.0125
-0.05625 0.0625 -0.0125
-0.0875 0.14375 0.025
-0.05625 0.0625 -0.0125
-0.0125 0.1 0.05
-0.075 0.0875 -0.0125
-0.0125 0.05 -0.025
-0.05 0.06875 0.0375
-0.0375 0.16875 -0.0125
0.0125 0.05 0.05625
0.01875 0.0375 0.03125
-0.01875 0.0375 -0.03125
-0.06875 0.0875 -0.01875
-0.01875 0.0375 0
-0.06875 0.0875 0.04375
-0.00625 0.125 0
-0.06875 0.0875 0.04375
0.0125 0.1 -0.01875
-0.05 0.03125 -9.31323e-10
0.0125 0.1 0.04375
-0.00625 0.13125 -0.00625
0.025 0.125 0.025
0.01875 0.03125 0.00625
0.03125 0.05 -0.00625
0.03125 0.05 -0.00625
-0.03125 0.05 0.0375
-0.05 0.0375 0.025
-0.06875 0.05625 0.01875
-0.05 0.0375 -0.00625
0.025 0.08125 0.04375
-0.05 0.0625 0.03125
-0.00625 0.13125 0.025
0.025 0.08125 -0.01875
0.025 0.125 -0.00625
0.05 0.0625 0
-0.025 0.125 0.00625
-0.03125 0.05 -0.025
-0.025 0.08125 0.05
0.01875 0.06875 -0.03125
-0.05625 0.03125 0.0125
-0.0375 0.15 -0.00625
-0.0375 0.15 -0.00625
0.03125 0.1 -0.01875
-0.00625 0.04375 0.05
0.03125 0.1 0.04375
0.03125 0.1 0.04375
0 0.09375 0.05
0.0375 0.1 0.025
-0.0375 0.1 -0.025
-0.08125 0.14375 0.05
-0.06875 0.10625 0.0375
-0.0625 0.0625 0.025
-0.0375 0.1 0.0375
0.0625 0.0625 0.00625
-0.01875 0.18125 -0.03125
-0.0625 0.0625 -0.00625
-0.0625 0.0625 -0.00625
-0.0625 0.0375 0.03125
0.0375 0.1 -0.00625
-0.00625 0.11875 0.0375
-0.05 0.1375 0.01875
0.0375 0.1 -0.00625
-0.0125 0.16875 -0.025
-0.0375 0.05 -0.0125
-0.0625 0.14375 0.04375
0.00625 0.04375 0.04375
-0.0625 0.14375 0.04375
-0.08125 0.14375 0.05
-0.09375 0.1375 0.0125
0.00625 0.13125 0.00625
-0.075 0.10625 -0.00625
-0.0625 0.14375 -0.01875
-0.09375 0.1375 0.04375
-0.08125 0.15625 0
-0.075 0.0625 0.01875
0 0.075 -0.0375
-0.0375 0.13125 0
-0.06875 0.14375 -0.00625
-0.06875 0.14375 -0.00625
0 0.075 0.05625
-0.08125 0.10625 0.04375
-0.075 0.14375 0.0375
0.01875 0.0875 0.05625
-0.0625 0.10625 -0.0125
-0.0875 0.0875 0.0125
0.00625 0.1 -0.03125
-0.025 0.16875 -0.01875
-0.04375 0.06875 -0.0125
-0.075 0.14375 -0.025
0.05 0.05625 0.03125
-0.06875 0.0625 0.0125
-0.0625 0.15625 0.03125
0.04375 0.06875 0.0125
-0.0125 0.125 0.0125
0.0125 0.125 -0.0125
-0.09375 0.1125 0.01875
0.0125 0.125 0.01875
0.0125 0.08125 -0.025
-0.0125 0.08125 0.05625
-0.0375 0.11875 0.03125
0.0375 0.11875 0
0.03125 0.04375 0
-0.025 0.09375 -0.03125
0.0625 0.05625 0.025
-0.05 0.1125 -0.01875
-0.0625 0.05625 0.00625
-0.05 0.15625 -0.00625
-0.05 0.15625 -0.00625
-0.05 0.16875 -0.00625
-0.0625 0.09375 -0.0125
-0.0375 0.06875 -0.01875
-0.01875 0.1625 -0.00625
-0.0375 0.06875 0.04375
-0.01875 0.1625 -0.00625
-0.0375 0.06875 0.04375
0.0375 0.06875 -0.0125
0.0375 0.06875 -0.0125
-0.06875 0.075 0.04375
-0.0875 0.15 0
-0.08125 0.175 -0.0375
-0.06875 0.075 -0.01875
-0.05625 0.1625 0.0125
-0.075 0.075 0.01875
0 0.0375 0.03125
-0.075 0.075 -0.0125
-0.075 0.075 -0.0125
0 0.0625 -0.0375
-0.0625 0.175 -0.05625
0 0.0625 0.05625
0.025 0.10625 0.03125
0.025 0.1125 0.0375
-0.01875 0.05 -0.03125
0.00625 0.0875 0.05
-0.0125 0.0375 0.0375
0.03125 0.06875 0.0375
-0.03125 0.06875 -0.0375
-0.0875 0.1 0.03125
-0.0125 0.0375 0.00625
0.0125 0.0375 -0.00625
0.0125 0.0375 -0.00625
-0.0125 0.0375 -0.025
0.0125 0.0375 0.025
0.03125 0.06875 -0.025
-0.08125 0.16875 -0.03125
-0.08125 0.16875 -0.03125
-0.0375 0.18125 -0.0125
-0.05625 0.04375 0.04375
-0.05625 0.04375 0.04375
-0.05625 0.13125 0.0375
-0.05625 0.04375 0.0125
0.05625 0.04375 0.01875
-0.09375 0.125 0.0125
-0.04375 0.15 0.00625
-0.09375 0.125 0.04375
-0.09375 0.125 0.04375
0.0125 0.1125 -0.01875
0.0125 0.1125 0.04375
-0.0125 0.1125 -0.0125
0.01875 0.13125 0.0125
0.01875 0.04375 0.0375
-0.0875 0.13125 0.025
-0.01875 0.13125 0.01875
-0.05 0.08125 -0.025
-0.0875 0.13125 -0.00625
-0.025 0.0375 0.04375
-0.01875 0.04375 0.05625
-0.05 0.125 0.01875
-0.025 0.0375 0.0125
0.025 0.0375 -0.0125
0.01875 0.04375 -0.025
-0.025 0.0375 0.04375
0.05 0.075 0
-0.05 0.125 -0.0125
-0.025 0.0375 -0.01875
-0.05 0.125 -0.0125
0.025 0.0375 0.01875
0.0125 0.05625 -0.03125
-0.06875 0.175 -0.04375
-0.08125 0.075 0.0375
-0.08125 0.075 0.00625
-0.08125 0.08125 0.03125
-0.08125 0.08125 0.03125
-0.075 0.175 -0.05
-0.04375 0.05 -0.01875
0.00625 0.03125 -0.01875
-0.04375 0.05 0.04375
-0.05625 0.11875 -0.00625
0.00625 0.03125 0.0125
-0.0875 0.11875 0.00625
-0.06875 0.09375 0.0375
0.04375 0.1 0.00625
-0.0875 0.11875 0.0375
-0.03125 0.0875 -0.03125
0.01875 0.11875 -0.0125
-0.01875 0.11875 -0.01875
-0.075 0.15625 0.0375
-0.075 0.15625 0.00625
0.0375 0.05 0.03125
-0.09375 0.1375 0.03125
-0.075 0.1125 -0.0125
-0.075 0.15625 -0.025
0 0.09375 -0.03125
-0.0625 0.14375 0.03125
-0.03125 0.1625 -0.01875
-0.075 0.1125 0.05
-0.08125 0.14375 0
-0.06875 0.15625 0.025
-0.06875 0.1125 0.04375
-0.06875 0.1125 0.04375
-0.06875 0.15625 -0.00625
-0.06875 0.15625 -0.00625
-0.0625 0.0375 0.04375
-0.01875 0.18125 -0.0125
-0.0625 0.0375 0.0125
-0.06875 0.15625 -0.0375
-0.05 0.1375 0
-0.0625 0.0375 0.04375
-0.08125 0.1375 -0.00625
-0.05 0.14375 0.025
-0.05625 0.03125 0.03125
-0.0125 0.09375 0.05625
0.04375 0.0875 0.00625
-0.0375 0.1625 -0.00625
0.0125 0.09375 -0.025
-0.01875 0.06875 0.04375
0.03125 0.1 0.03125
-0.05 0.14375 -0.00625
-0.0125 0.09375 -0.0375
-0.05625 0.06875 -0.00625
-0.00625 0.04375 -0.03125
0.05625 0.06875 0.00625
-0.05625 0.06875 -0.00625
0.025 0.075 -0.025
-0.025 0.075 0.05625
-0.05 0.0625 -0.01875
-0.0625 0.1375 0.0375
-0.025 0.075 -0.0375
-0.05 0.0625 0.04375
-0.0125 0.175 -0.01875
0.01875 0.06875 0.05
-0.05 0.10625 0.0375
0.025 0.09375 -0.01875
-0.05 0.1125 0.03125
0.025 0.09375 0.04375
0.03125 0.04375 -0.0125
0.03125 0.04375 -0.0125
-0.00625 0.05 -0.0375
-0.03125 0.04375 0.04375
0.025 0.09375 0.04375
-0.05 0.10625 -0.025
-0.06875 0.1375 -0.0125
-0.06875 0.1375 -0.0125
-0.00625 0.05 0.05625
-0.01875 0.1875 -0.01875
-0.075 0.1375 0.04375
0.0125 0.125 0
-0.0125 0.125 0.03125
-0.06875 0.1375 0.05
-0.025 0.175 -0.025
0.0375 0.11875 0.01875
-0.025 0.09375 0.05
-0.0375 0.11875 -0.01875
-0.00625 0.1 0.04375
-0.06875 0.0375 0.025
-0.0875 0.0875 0.03125
-0.0625 0.1125 -0.00625
-0.03125 0.11875 0.025
0.04375 0.06875 0.03125
-0.0625 0.15625 0.0125
0.03125 0.11875 0.00625
-0.03125 0.11875 -0.00625
-0.05 0.05625 -0.0125
-0.03125 0.11875 -0.00625
-0.0625 0.15625 -0.01875
-0.06875 0.0375 -0.00625
-0.06875 0.0375 -0.00625
-0.06875 0.0625 0.03125
-0.05 0.05625 0.01875
-0.075 0.0375 0.00625
-0.04375 0.03125 -0.025
-0.08125 0.15625 0.01875
-0.0625 0.15625 -0.05
0.00625 0.05 -0.025
-0.075 0.0625 0
-0.08125 0.15625 -0.0125
0.0375 0.04375 0.00625
-0.08125 0.15625 -0.0125
0 0.125 0.0375
-0.0375 0.13125 0.01875
0.00625 0.1 0.05
-0.08125 0.10625 0.03125
-0.04375 0.03125 0.0375
-0.04375 0.03125 0.00625
-0.08125 0.1125 0.0375
-0.01875 0.1 -0.025
-0.05625 0.05 0.0375
0.00625 0.0875 -0.03125
-0.04375 0.11875 -0.0125
-0.0875 0.1 0.0125
0.05625 0.05 -0.00625
-0.08125 0.16875 -0.04375
0.05625 0.05 0.025
-0.08125 0.16875 -0.04375
-0.01875 0.05 0.05
-0.0625 0.16875 -0.05
0.01875 0.05 0.04375
0.025 0.10625 -0.01875
-0.0625 0.16875 -0.01875
-0.03125 0.03125 0.04375
0.01875 0.05 0.04375
-0.03125 0.03125 -0.01875
0.025 0.10625 0.04375
0.01875 0.05 -0.01875
0.025 0.10625 0.04375
-0.03125 0.03125 -0.01875
-0.0125 0.0625 0.05
-0.05 0.09375 -0.025
0.04375 0.04375 0.025
-0.05625 0.15 0.0125
-0.06875 0.125 0.05
-0.075 0.075 0
0 0.0375 -0.01875
0 0.0375 0.04375
-0.04375 0.04375 -0.025
-9.31323e-10 0.0375 0.04375
0 0.0375 0.0125
-0.08125 0.09375 0.03125
-0.04375 0.04375 0.0375
0.04375 0.04375 -0.00625
-0.04375 0.13125 0.0125
-0.0375 0.03125 0.025
-0.025 0.05625 -0.025
-0.0875 0.15 0.01875
-0.06875 0.08125 0.0375
-0.06875 0.125 -0.0125
-0.06875 0.125 -0.0125
-0.025 0.05625 0.0375
-0.06875 0.075 0.03125
0.00625 0.06875 0.05625
0.03125 0.0875 -0.01875
0.0125 0.05625 0.05
0.00625 0.06875 -0.0375
0.03125 0.0875 0.04375
-0.0625 0.125 0.0375
0.01875 0.11875 0
-0.01875 0.11875 0.03125
0.03125 0.0875 0.04375
-0.06875 0.175 -0.0625
-0.03125 0.0875 0.05
-0.06875 0.175 -0.03125
-0.08125 0.125 -0.00625
-0.08125 0.125 0.05625
-0.08125 0.125 0.05625
0.04375 0.05 0
-0.06875 0.16875 -0.0375
0.025 0.0625 -0.025
-0.01875 0.13125 0
-0.05 0.125 0
-0.025 0.0625 -0.0375
-0.05 0.075 -0.01875
0.025 0.0625 0.0375
0.05 0.075 0.01875
-0.05 0.075 0.04375
0.025 0.0375 0
-0.05 0.075 0.04375
-0.025 0.0375 0.03125
-0.0375 0.0875 -0.025
0.0125 0.10625 -0.025
-0.075 0.16875 -0.05625
-0.05625 0.04375 0.03125
0.05625 0.04375 0
-0.075 0.16875 -0.025
-0.04375 0.1625 0.00625
-0.09375 0.125 0.03125
0.0375 0.0875 -0.00625
0.0125 0.10625 0.0375
-0.05 0.04375 0.05
-0.075 0.15 0.04375
-0.075 0.15 0.04375
0.0375 0.05625 0.0375
-0.0875 0.125 0.05
-0.075 0.15 -0.01875
-0.09375 0.13125 0.00625
-0.025 0.06875 -0.03125
0.01875 0.08125 0.05
-0.09375 0.13125 0.0375
0.01875 0.125 0.00625
-0.05 0.13125 0.025
-0.01875 0.125 -0.00625
-0.01875 0.125 -0.00625
-0.025 0.03125 -0.025
0.01875 0.125 0.0375
-0.00625 0.0375 -0.00625
-0.00625 0.0375 -0.00625
-0.025 0.03125 0.0375
-0.06875 0.1625 -0.03125
-0.075 0.15 -0.05
0.03125 0.1125 0.03125
-0.05 0.04375 -0.0125
-0.00625 0.0375 0.025
-0.06875 0.15 -0.04375
-0.01875 0.125 0.025
0.05 0.04375 0.0125
-0.05 0.13125 -0.00625
-0.0875 0.08125 0.00625
0.03125 0.10625 0.0375
-0.05 0.13125 -0.00625
-0.05 0.04375 0.01875
-0.06875 0.1625 -0.0625
-0.06875 0.15 -0.0125
0.04375 0.09375 0.0125
-0.06875 0.1 -0.01875
-0.0375 0.15625 0
-0.06875 0.1 0.04375
0.00625 0.0375 -0.025
-0.06875 0.1 0.04375
-0.0375 0.10625 0.04375
0.00625 0.0375 0.00625
0.00625 0.0625 -0.03125
-0.0375 0.10625 0.04375
0.0375 0.10625 -0.0125
-0.09375 0.11875 0.025
0.0375 0.10625 0.01875
-0.0375 0.10625 -0.01875
0.00625 0.0375 0.0375
-0.03125 0.05625 -0.01875
-0.05 0.11875 0.0375
0.03125 0.05625 -0.0125
0.03125 0.05625 -0.0125
-0.03125 0.05625 0.04375
-0.075 0.1 -0.0125
-0.0625 0.13125 0.03125
-0.00625 0.05625 -0.03125
-0.025 0.0875 -0.0375
-0.06875 0.04375 0
-0.0625 0.05 0.0125
-0.0625 0.05 0.04375
-0.01875 0.16875 -0.0125
0.0625 0.05 0.01875
-0.025 0.0875 0.05625
-0.08125 0.1 0.0375
0.025 0.0875 -0.025
-0.05 0.15 0
0.00625 0.1125 -0.0125
-0.0375 0.0375 -9.31323e-10
-0.0375 0.0375 -0.03125
0.0375 0.0625 -0.00625
0.0375 0.0375 0.03125
0.0375 0.0625 -0.00625
-0.0375 0.0625 0.0375
0.04375 0.075 0.00625
0.04375 0.08125 0.03125
-0.09375 0.15 0.03125
0.03125 0.0625 0.04375
-0.0625 0.15 -0.025
0.03125 0.0625 0.04375
-0.03125 0.0625 -0.0125
0.03125 0.0625 -0.01875
-0.0625 0.15 0.0375
-0.00625 0.1125 -0.01875
-0.00625 0.1125 0.04375
0.01875 0.09375 -0.03125
-0.0625 0.15 0.00625
-0.00625 0.1125 0.04375
0.0125 0.03125 -0.0125
-0.08125 0.15 -0.00625
-0.08125 0.15 -0.00625
-0.0125 0.03125 -0.01875
-0.08125 0.15 0.025
0.0375 0.075 -0.00625
0.0375 0.075 -0.00625
-0.05625 0.05625 0.03125
0 0.13125 0.03125
-0.0375 0.075 0.0375
0.05625 0.05625 0
0.04375 0.0375 0
-0.06875 0.06875 0.0375
-0.0125 0.11875 -0.00625
-0.0375 0.075 -0.025
-0.04375 0.0375 0.03125
0.0125 0.11875 0.0375
-0.06875 0.06875 0.00625
-0.05 0.0875 0.04375
0.05 0.0875 0.01875
-0.075 0.06875 -0.00625
-0.075 0.06875 -0.00625
-0.05 0.0875 -0.01875
-0.04375 0.14375 0.0125
-0.06875 0.03125 0
-0.075 0.06875 0.025
-0.0125 0.13125 0.00625
0.0125 0.13125 -0.00625
-0.075 0.18125 -0.05625
-0.05625 0.15625 0.00625
-0.03125 0.075 0.05
-0.05625 0.1125 -0.0125
-0.00625 0.175 -0.03125
0.0125 0.13125 0.025
0.03125 0.075 0.04375
-0.01875 0.15625 -0.0125
0.03125 0.075 0.04375
-0.01875 0.1125 -0.025
-0.03125 0.125 0.03125
0.03125 0.075 -0.01875
-0.0875 0.1125 0.04375
-0.0875 0.1125 0.0125
-0.0875 0.15625 0.025
0.03125 0.125 0
-0.0875 0.1125 0.04375
-0.01875 0.1125 0.0375
0.0125 0.04375 0.05
0.01875 0.1125 -0.00625
-0.00625 0.125 -0.0125
-0.01875 0.0375 0.01875
0.01875 0.0375 -0.01875
-0.00625 0.075 0.0625
0.01875 0.0375 0.04375
-0.025 0.04375 -0.025
-0.00625 0.125 0.01875
0.03125 0.09375 -0.025
0.01875 0.0375 0.0125
0.025 0.04375 0.025
0.01875 0.0375 0.04375
-0.01875 0.0375 -0.0125
-0.05 0.03125 0.01875
0.025 0.04375 -0.00625
-0.0125 0.1 -0.03125
0.025 0.04375 -0.00625
-0.05 0.03125 -0.0125
-0.025 0.13125 0.0125
0.03125 0.09375 0.0375
0.05625 0.0625 0.03125
-0.05625 0.0375 0.00625
-0.05625 0.0375 0.0375
-0.0375 0.16875 0
-0.01875 0.0375 0.05
-0.04375 0.05625 0.0375
-0.03125 0.175 -0.01875
0.04375 0.05625 -0.00625
-0.025 0.11875 0.01875
0 0.1 0.05625
-0.08125 0.06875 0.0125
0.025 0.11875 0.0125
-0.025 0.11875 -0.0125
-0.025 0.11875 -0.0125
-0.0375 0.175 -0.00625
-0.0375 0.175 -0.00625
-0.0875 0.1375 0.01875
-0.0125 0.1625 -0.01875
0.04375 0.10625 0.0125
0 0.05 0.04375
0.00625 0.08125 0.05625
-0.0875 0.1375 0.05
0.0375 0.09375 -0.0125
-0.0375 0.09375 0.04375
0.00625 0.075 -0.03125
0.0625 0.06875 0.0125
0.00625 0.08125 -0.0375
-0.0625 0.06875 -0.0125
