
1 7.75 -1.75
1 8.25 -4.5
1 8.25 -4.25
1 8 -5
1 8 -4.75
0.25 4.5 0.75
-0.25 4.5 -0.75
-0.5 6.5 -6.25
-0.25 5.25 -5.75
-1.25 2 0.75
-0.5 6.5 -6.5
-0.25 4.75 -0.25
1.25 1.5 -5.5
1.25 1.5 -5.25
-1 6.75 1.5
0.25 4.75 0.25
1 7.75 -2
0.5 8 3
0.5 8 3.25
0.5 8.25 3.5
1.25 1.25 -5.75
-0.5 8.25 -3.25
-0.5 8.25 -3
0.25 4.5 0.5
-1.25 2 0.5
1.25 0 -5
1.25 0 -4.75
-1 6.75 1.75
-0.75 10 4
-0.25 4.5 -0.5
1 7.75 -2.25
1 8.25 -5
1 8.25 -4.75
1 8 -4.25
1 8 -4.5
0.25 4.5 0.25
1.25 1.5 -5.75
-0.5 6.75 -6.25
-1.25 2.25 0.75
-1.25 1.75 1
-0.5 6.75 -6.5
-0.25 4.5 -0.25
1 8.5 -3.75
1 7.75 -2.5
0.5 8.25 3
0.5 8.25 3.25
0.5 8 3.5
0.5 8 3.75
0.5 7.75 4
1.25 1.25 -5.5
1.25 1.25 -5.25
1.25 0.25 -5
1.25 0.25 -4.75
-0.5 8.25 -2.75
1.25 0 -4.5
-0.25 4.5 0
-0.25 5.5 -5.75
0.25 4.75 0.5
-1.25 2.25 0.5
1 8.25 -3.75
1 8.25 -3.5
1 7.75 -2.75
1 7.5 -2
1 8 -4
0.5 8.5 3.25
-0.5 8.25 -2.5
-0.5 8.5 -2.75
-0.5 8 -2
-1 7 1.75
0.25 4.75 1.25
1.25 0.5 -5
1.25 0.5 -4.75
-0.25 4.5 -1.5
-0.25 4.75 -1.25
-0.25 5 -5.5
-0.25 5 -5.25
-1.25 1.75 0.5
1 7.5 -1.75
0.5 7.25 4
-0.5 8.25 -2.25
-0.5 8 -1.75
-1 7 1.5
0.25 4.5 1.5
1.25 1 -5.5
1.25 1 -5.25
-0.25 4.75 -1
-1.25 1.75 0.75
-1.25 2.25 1
-0.75 9.75 4.25
1 7.5 -2.5
1 7.75 -3
1 7.75 -3.25
1 8 -3.75
1 8 -3.5
1 8.25 -4
0.25 4.5 1.25
0.25 4.75 1.75
0.5 7.5 4
1.25 0.75 -5
0.5 8.5 3.5
-0.5 8.5 -3.25
-0.5 8.5 -3
-0.5 8.25 -2
-0.25 4.5 -1.25
-0.25 4.75 -1.5
-1 7 1.25
-0.25 5 -5.75
1 7.5 -2.25
0.25 4.5 1
0.25 4.75 1.5
-0.5 8.25 -1.75
-0.25 4.5 -1
-0.5 7 -6.25
-1.25 2 1
-0.5 7 -6.5
-1 7 1
-0.75 9.75 4
1 7.75 0
1.25 0.75 -5.5
1.25 0.75 -5.25
-0.5 8.25 -1.5
-0.25 4.75 -2
1 7.5 -1.25
-0.5 8 -1.25
-1 7.25 1.25
-1.25 2.75 1
-0.25 5 -4.25
0.5 9 3.5
0.25 4.75 2
0.5 8.75 3.25
-0.25 4.75 -1.75
-1 6.5 3
-0.5 7.25 -6.25
-0.5 7.25 -6.5
1 7.75 -0.25
1 7.5 -1
-0.5 8 -1
-1 7.25 1
1 7.5 -1.5
-0.25 4.75 -2.5
-0.5 8 -1.5
-1 7.25 1.75
-1 7 2.25
-1.25 3 0.75
-1.25 2.5 1
-0.5 7.5 -6.25
-0.5 7.5 -6
-0.5 7.5 -6.5
1 7.75 -0.5
1 7.25 -1
1.25 0.5 -5.5
1.25 0.5 -5.25
-1 7.5 1
-0.25 5 -5
-0.25 5 -4.75
-1 7.75 0.25
0.5 9 3.25
0.5 8.75 3.5
-0.25 4.75 -2.25
-1 7 2
-1 7.25 1.5
-1 9.5 4
-0.25 5.75 -6
-1.25 3 0.5
1 7.25 -1.25
1 7.75 -0.75
1.5 3 0.75
1.25 1 -5
-0.25 4.5 -1.75
-1 7.5 1.25
0.5 9.5 3.75
0.5 9.5 3.5
1 8.25 -5.25
1 8 -5.75
-1 6.5 2
-0.25 6.25 -6.5
-0.25 6.25 -6.25
-0.25 6.25 -6
1 7.5 -0.25
-0.5 8 -0.25
1 7.25 -0.5
-1.25 2.5 0.5
1 7.75 -1
1.5 3 1
-0.25 5 -3.75
-0.25 5 -3.5
-1 6.75 2.5
-1 7.5 0.5
-1 7.25 0.25
0.5 9.25 3.25
1 7.5 0
1.25 1.25 -5
1.25 0.25 -5.25
-0.25 4.75 -2.75
-0.5 8 0
-1 6.5 2.25
-1.25 3 1
-1.25 2.5 0.75
-0.25 5.75 -5.75
1 7.25 -0.75
1 7.75 -1.25
-1 7.5 0.75
-1 6.75 2.75
1 7.25 0
1 8 -5.25
1 8 -5.5
-1 6.5 2.5
1 7.5 -0.75
-0.25 5 -4
-0.5 8 -0.75
-1 7.25 0.75
-1 6.75 2
-0.25 6 -6.5
-0.25 6 -6
-1.25 2.75 0.5
0.5 9.25 3.5
1 7.75 -1.5
0.5 9.25 3.75
-0.25 4.75 -3
-1 6.5 2.75
-0.5 7.75 -6.25
-0.5 7.75 -6
-0.5 7.75 -6.5
1 7.25 -0.25
1 7.5 -0.5
-0.5 8 -0.5
1.25 0 -5.25
-1 6.75 2.25
-1.25 2.75 0.75
-1 7.25 0.5
-1 7.5 0.25
0.5 9.5 4.25
0.5 9.5 4.5
0.5 8.5 5.75
0.5 7.5 1.75
0.25 5.25 2.5
0.5 6.5 3.25
1 7.75 -5.5
1 7.75 -5.25
1.25 2.75 -6
-1.25 0.5 0.5
0.25 5.5 2.25
0.5 6.75 3.5
0.5 6.75 3.75
-0.25 5 -2.75
-0.5 7.75 -0.75
-1.75 6.5 -4.25
-1.25 0.25 1.25
0.5 7.75 0.5
0.5 9 5.25
0.5 8.75 4.75
0.5 8.75 5
0.5 9 5.5
0.5 7.5 1.5
0.5 7 2.75
1 7.5 -6
-1.25 0.5 0.75
-0.5 8 -6
-0.5 7.75 -0.5
0.5 7.75 0.75
1.25 3 -5.5
-1.25 0.25 1
0.5 9.5 4
0.5 7.25 1.5
0.25 5.25 2
0.5 6.5 3.5
1 7.25 -6.25
1 7.25 -6
1 7.75 -5.75
-1.25 0 1.25
-0.5 7.75 -0.25
0.5 7.5 1.25
0.25 5.5 2.75
1.25 2.5 -6
-0.25 5 -3.25
-0.25 5 -3
-1.25 0.75 0.5
0.5 9.25 4.25
0.5 9.25 4.5
0.5 8.75 5.5
0.5 9 4.75
0.5 9 5
0.5 8.75 5.25
0.5 7.25 1.75
0.25 5.25 2.25
-0.5 7.75 0
-0.25 4.75 -4
-1.25 0 1
0.5 7.5 1
0.25 5.5 2.5
1.25 3 -5.75
-1.25 0.75 0.75
0.5 7.75 0.25
1 7.75 -6
1.25 2.75 -5.5
-1.75 6.75 -4
-1.25 0 0.75
0.5 7.5 0.75
0.25 5 2
0.25 5.5 3
1.25 2.5 -5.75
-1.75 6.5 -3.5
-1.75 6.5 -3.75
-1.25 0.75 1
0.5 9.25 4.75
0.5 9.25 5
0.5 7 3.5
0.5 7 3.75
1 7.5 -5.5
-0.5 8 -5.5
-0.5 8.25 -5.75
-0.25 4.75 -4.5
-0.25 4.75 -4.25
-1 9.5 3.75
0.25 5 2.25
1.25 3 -6.25
1.25 3 -6
0.75 6.5 -6.75
-0.25 4.5 -5
-0.25 4.5 -4.75
0.5 9.5 4.75
1.25 2.75 -5.75
-1.75 6.75 -3.75
-1.25 0.5 1
-1 9.25 3.75
0.5 7.75 1
1.25 2.5 -5.5
-1.75 6.5 -4
-1.25 0.25 0.75
0.5 9.25 5.25
0.5 8.75 4.5
0.5 7 3
1 7.5 -5.75
0.75 6.75 -6.75
-0.5 8.25 -5.25
-0.5 8 -5.75
-0.5 8.25 -5.5
-0.25 4.75 -4.75
-0.25 4.75 -5
-0.25 4.5 -4.5
-0.25 4.5 -4.25
-1.25 0.25 0.5
0.5 8.5 4
1 8 -3.25
1 8 -3
1 8.25 -2.75
0.5 7.5 3.75
-0.5 8.5 -3.75
-0.5 8.5 -3.5
-1.25 1.25 0.75
0.5 8.25 5.25
0.5 7.25 3
0.5 7.75 2.75
0.5 7.25 3.25
1.25 2.25 -5.5
1.25 2.25 -5.25
-0.5 8.25 -4.75
-0.5 8.25 -5
-0.25 4.75 -5.5
-0.25 4.75 -5.25
-1.25 1 1
1 6.75 -6.25
1 6.75 -6
0 5.75 -7
0 5.75 -6.75
1.25 2 -5.75
-0.75 9.75 3.75
-1.25 1.25 0.5
0.5 8.5 4.25
0.5 8.5 4.5
1 8.25 -3.25
1 8.25 -3
1 8 -2.75
0.5 7.5 3
0.5 7.5 3.25
0.25 5.75 3
-0.5 8.5 -4
-1.25 1.5 0.5
0.5 8.25 4.75
0.5 8.25 5
0.5 7.25 3.5
0.5 7.25 3.75
1 6.5 -6.25
1 6.5 -6
1.25 2.25 -5.75
-0.5 8.25 -4.5
-0.25 4.75 -5.75
-1.25 1.5 0.75
0.25 5 1.75
1.25 2 -5.5
1.25 2 -5.25
-0.25 4.5 -5.25
-0.25 4.5 -5.5
0.5 8.5 4.75
0.5 8.5 5
1 8 -2.25
0.5 7.25 2
0.5 7.5 2.75
0.25 5.75 2.75
1 7 -6.25
1 7 -6
0 6 -7
0 6 -6.75
1.25 1.75 -5.75
-0.5 8.5 -4.5
-0.5 8.5 -4.25
-1.25 1.5 1
0.5 8.25 4.5
0.5 8.25 4.25
0.5 8.75 5.75
1 8 -2.5
0.5 7.25 2.25
0.5 7.5 2.5
0.5 7.75 3.5
0.25 6.25 3.25
0.5 7.75 3.75
0.5 8 4
1.25 2.25 -6
0.5 8.5 5.5
0.5 8.5 5.25
1 8 -1.75
0.5 7.5 2.25
0.5 7.25 2.5
1.25 1.75 -5.5
1.25 1.75 -5.25
-0.5 8.5 -4.75
-0.5 8.5 -5
-1.25 1 0.75
0 6.25 -7
0.5 8.25 4
1 8 -2
0.5 7.5 2
0.5 7.25 2.75
0.5 7.75 3
0.5 7.75 3.25
0.25 6.25 3.5
-1.25 1 0.5
0.25 6 3
0.25 6 3.25
-1.25 1.25 1
-0.75 10 3.75
0 5 -4
1.25 5.75 -3.25
1.25 5.75 -3
0.75 8 -1
1.25 6.25 -2
1.25 4.75 -5.5
0 6 -6.5
0 6 -6
-1.5 6 -2.5
-1.5 5.5 0
-1.25 6.25 2.25
-1.5 4.5 -5.75
1.5 5.25 0.5
1.25 6 -2.5
1.25 5.25 -0.75
1.25 5.5 0
1.5 5 1
0.75 7.25 -6.25
0.75 7.75 -5.75
1.25 4.5 -5.75
0.75 7.25 -6
0.75 7.25 -6.5
-1.5 5.75 -3.25
-1.5 4.75 -5.5
-1.5 4.75 -5.25
1.5 5.5 0.25
0.75 8 -1.25
1.25 6.25 -1.75
1.5 5.25 0.75
1.25 4.25 -6
-1.25 6.25 2
-1.5 5.5 -0.25
1.25 5.25 -0.5
-1.25 5.5 0.25
0 4.75 -3.25
0 4.75 -3
1.25 6 -2.25
1.5 5 1.25
-0.75 9 3.75
-0.75 9 3.5
1.25 5.5 -0.25
-1.25 5.25 0.5
0 5 -3.75
0 5 -3.5
1.25 5.75 -2.75
1.25 6.25 -2.5
1.5 5 1.5
1.25 4.75 -5.75
-1.5 4.5 -5.5
-1.5 4.5 -5.25
1.25 5.25 -0.25
-1.25 5.5 0.5
1.25 6 -2
1.5 5.5 0.75
1.25 4.5 -5.5
0 5.25 -5
0 5.25 -4.75
0 6.25 -6.5
0 6.25 -6.25
0 6.25 -6
-1.5 6.25 -2.5
-1.25 6 2.25
-1.25 5 1.75
1.25 5.5 -0.5
-1.25 5.25 0.25
1.25 6.25 -2.25
1.25 5.5 -0.75
1.25 5.25 0
0 4.75 -2.75
0.75 8 -1.5
1.25 6 -1.75
1.25 4 -6
0.75 7.5 -6.25
0.75 7.5 -6
0 5.75 -5.75
-0.75 8.75 3.5
-0.75 8.75 3.75
-1.25 6 2
-1.25 5 1.5
1.5 5.5 0.5
1.25 5.75 -2.25
0 4.5 -2
1.25 5.5 -1
1.25 3.75 -5
0 5 -5
0 5 -4.75
-1.25 5.25 1.75
-1.25 5 0.25
0 4.75 -2.5
1.5 5.25 1.5
1.5 5.5 1.25
-0.75 9.5 3.75
1.25 5 -0.25
1.25 5.75 -2.5
0 4.5 -1.75
1.25 5.5 -1.25
-1.5 6 -3.25
-1.5 6 -3
-1.25 5.25 1.5
-1.5 4 -5.75
0 4.75 -2.25
1.25 6 -3.25
1.25 6 -3
1.25 5 0
1.5 5.5 1
1.25 4 -5.75
0 5.75 -6.5
0 5.75 -6
-1.5 6.25 -2.75
-1.5 4.25 -5.5
-1.5 4.25 -5.25
1.25 5.75 -1.75
1.5 5.25 1
1.5 5.5 1.75
0 5 -4.25
0 5 -4.5
-1.25 5.75 2
0 4.75 -2
1.25 5.25 -1.25
0.75 7.75 -6
-1.25 5.5 1.5
1.5 5 0.5
0 4.5 -2.25
0.75 8 -0.75
1.25 5.75 -2
1.5 5.25 1.25
1.5 5.5 1.5
1.25 4.25 -5.75
-1.5 6 -2.75
-1.25 5.75 2.25
-1.5 4 -5.5
-1.5 4 -5.25
-1.25 5 0.5
1.25 6 -2.75
0 4.75 -1.75
1.25 5.25 -1
1.25 5.5 -1.5
1.5 5 0.75
1.25 4 -5.25
-1.5 6.25 -3.25
-1.5 6.25 -3
-1.25 5.5 1.75
-1.5 4.25 -5.75
-0.75 9.25 3.75
-0.75 9.25 3.5
1.25 6 -0.75
1.25 3.75 -5.75
0 5 -5.75
-1.5 3.5 -6
-1 9.75 3.75
0.75 8.25 -3.25
0.75 8.25 -3
0.75 8 -2.75
0 4.5 -1.25
1.25 5.5 -1.75
1.5 5.75 1.75
1.25 3.5 -6.25
1.25 3.5 -6
-1.5 6 -0.75
-1.25 5.5 2
-1.5 3.75 -5.75
-1.5 6.25 -0.25
1.5 6 0.5
1.25 5.75 -1.5
1.25 4.25 -4.5
1.25 4.25 -4.25
-1.25 5.75 1.75
-1.5 4 -5
-1.5 6 -0.5
1.5 6.25 0.25
0 4.5 -1
1.25 5.5 -2
1.5 6 0.75
1.5 5.75 1.5
0.75 6.5 -6.25
1.25 4 -5
1.25 4 -4.75
0.75 6.5 -6.5
-0.75 8.25 3.75
-1.5 6.25 0
-0.75 8.25 3.5
1.25 6 -0.5
0 4.5 -1.5
1.5 5.75 1.25
1.25 3.75 -5.5
1.25 3.75 -5.25
0 5 -5.5
0 5 -5.25
1.25 4.75 -4
-1.5 6.25 -0.75
-1.5 6 -0.25
1.5 6.25 0.5
0.75 8.25 -2.75
1.25 5.5 -2.25
1.25 5.75 -1
1.25 6.25 -0.75
-1.5 3.75 -5.5
-1.5 3.75 -5.25
1.5 6.25 0.75
1.5 5.75 1
0.75 6.75 -6.25
1.25 4.25 -5
1.25 4.25 -4.75
1.25 3.25 -6.25
1.25 3.25 -6
0.75 6.75 -6.5
-1.5 6 0
-1.25 5.25 2
1.25 6.25 -0.5
1.25 5.5 -2.5
1.25 5.75 -1.25
1.25 4 -4.5
-0.75 8 3.5
-0.75 8 3.75
-1.5 4.25 -5
-1.5 4.25 -4.75
-1.5 6.25 -0.5
1.5 6 0.25
1.5 5.75 0.75
1.5 6.25 1
1.5 6 1.5
1.25 4.75 -4.5
1.25 4.75 -4.25
-1.5 3.5 -5.5
-1.5 4.5 -5
-1.5 4.5 -4.75
0 4.5 -0.25
1.25 5.75 -0.5
1.75 10.25 3.5
0.75 8.25 -2.25
0.75 8 -1.75
1.25 6 -1.5
1.25 6.25 -1.25
1.25 3.5 -5.5
1.25 3.5 -5.25
1.25 4.5 -4.75
0 5.25 -5.5
0 5.25 -5.25
1.75 10.25 3.75
-1.25 6 1.75
-1.5 4.75 -4.5
-1.5 4.75 -4.25
-1.5 5.75 -0.5
0 4.5 0
1.5 6.25 1.25
1.5 6 1.75
1.25 3.25 -5.75
0.5 9.75 4.25
0 5.5 -5.75
-1.5 5.75 -0.75
1.5 5.75 0.5
0.75 8.25 -2.5
0.75 8 -2
1.25 5.75 -0.75
1.25 6.25 -1
1.25 6 -1.25
1.25 6.25 -1.5
1.25 3.75 -6.25
1.25 3.75 -6
-1.25 6.25 1.75
-1.5 3.5 -5.75
-1.5 4.5 -4.5
-1 10 3.75
1.5 5.75 0.25
0.75 8 -2.25
1.25 5.5 -3.25
1.25 5.5 -3
0 4.5 -0.75
1.5 6 1
1.5 6.25 1.5
0.75 7 -6.25
1.25 3.5 -5.75
1.25 4.5 -4.5
1.25 4.5 -4.25
0 5.25 -5.75
1.75 10 3.5
1.75 10 3.75
0.75 7 -6.5
-0.75 8.5 3.75
-0.75 8.5 3.5
-1.5 5.75 0
-1.5 3.75 -6
-1.5 4.75 -5
-1.5 4.75 -4.75
1.25 6 -1
1.25 3.25 -5.5
1.25 3.25 -5.25
0.5 9.75 4
-1.25 6.25 1.5
1.25 5.75 -0.25
0 4.5 -0.5
0.75 8 -2.5
0.75 8.5 -3.25
0.75 8.25 -2
1.5 6 1.25
1.5 6.25 1.75
-1.5 5.75 -0.25
1.5 3.75 0.75
-1.25 3.5 1
-1.5 5.5 -3.75
-1 10 4
-0.25 6.25 -7
1.25 5.5 -3.5
0.75 8.25 -5
0.75 8.25 -4.75
1.25 5.5 -3.75
-0.75 8.5 4
-0.75 7.5 3.5
-0.75 7.5 3.75
-1.25 3.75 0.5
1.25 5.25 -4
0.5 9.75 3.75
-1.25 3.5 1.25
-1.5 5 -4.5
-1.5 5 -4.25
-1.5 6 -5.75
1.5 3.75 0.5
0.75 8.5 -3.75
0.75 8.5 -3.5
1.5 3.5 1
1.25 5 -4.25
1.25 6 -5.75
-1.5 6.25 -5.5
-1.5 6.25 -5.25
-0.75 7.25 3
-0.75 7.25 3.25
-1.5 5.25 -4
1.5 3.25 1
-1.5 5.5 -4
0.75 7.75 -1.75
0.75 8.25 -4.5
0.75 8.25 -4.25
1.25 5.5 -4
-0.75 8.5 4.25
-0.75 8.5 4.5
-0.75 7.5 3.25
-1.25 3.25 1.25
-0.25 6 -7
-0.25 6 -6.75
1.25 6.25 -5.75
1.25 5.25 -3.75
1.25 5.25 -3.5
-1.5 6 -5.5
-1.5 6 -5.25
-1.5 5 -5
-1.5 5 -4.75
0.75 8.5 -4
1.25 6 -5.5
-0.75 7.25 3.5
-1.25 3.25 1
-0.75 7.25 3.75
-1.5 6.25 -5.75
-1.25 3.75 0.25
1.25 5.75 -5.75
-1.5 5.5 -4.5
-1.5 5.5 -4.25
0.75 8.25 -4
-0.75 7.25 2
-1.25 3.25 0.75
1.5 3.25 0.75
1.25 6.25 -6
-0.5 7.25 -6.75
-1.25 3.5 0.25
0.75 8.5 -4.5
0.75 8.5 -4.25
1.25 5 -3.75
-0.75 7 1.75
-0.75 7.25 2.25
-0.75 7.75 3.5
-0.75 7.75 3.75
-1.5 5.25 -5
-1.5 5.25 -4.75
-0.75 8 4
-1.25 3.25 0.5
1.25 5.75 -5.5
-1.5 5.5 -5
-1.5 5.5 -4.75
-1 9.75 4
-0.5 7.5 -6.75
-1.25 3.5 0.5
0.75 8.25 -3.75
0.75 8.25 -3.5
1.5 3.5 0.75
-0.75 7.25 2.5
-1.25 3.75 1
-1.5 5.75 -5.5
-1.5 5.75 -5.25
-1.25 3.25 0.25
1.5 3.75 1
-1.25 3.5 0.75
-0.25 5.75 -6.75
-1.5 5 -4
1.25 5 -4
1.25 6 -6
-0.75 8.25 4
-0.75 7.25 2.75
-0.75 7.75 3.25
-1.25 3.75 1.25
-1.5 5.25 -4.5
-1.5 5.25 -4.25
1.5 3.5 0.5
1.5 4.25 1
-0.75 6.75 3.5
-1.5 5.5 -5.5
-1.5 5.5 -5.25
-0.75 7.75 0.5
-1.25 4.5 0.5
1.5 4.5 0.75
1.25 5.5 -5.5
0.75 8 -6
-0.75 9.5 4.25
-0.75 7.5 1.75
-0.75 6.5 3
-0.75 6.5 3.25
-0.75 7 2.5
-1.25 4.25 1.25
-1.5 5.75 -5
-1.5 5.75 -4.75
0.75 7.75 -0.5
0.75 7.75 -0.75
1.5 4.25 1.25
1.25 5.25 -5.75
-0.75 7.75 0.75
-0.75 7.25 1.25
-1.5 6 -4
0 4.75 -4.75
-0.75 9.25 4
-0.75 8.75 4.75
-1.5 6.25 -3.5
-0.75 7.5 1.5
-0.75 7 2.75
-1.25 4 1.5
1.5 4.5 0.5
-1.25 4.75 0.25
1.5 4.75 0.75
-0.75 7.5 1.25
-0.75 6.75 3
-0.75 6.75 3.25
-1.25 4 1.25
0.75 7.75 0
1.5 4 1
1.25 5.5 -5.75
-0.75 9.5 4
-0.75 7.25 1.5
-0.75 7 2
-0.75 6.5 3.5
-1.5 5.75 -4.5
-1.5 5.75 -4.25
-1.25 4.75 0.5
1.25 5.25 -5.5
-1.5 6 -3.75
-1.5 6 -3.5
-0.75 7.5 1
-1.25 4 1
-1.25 4.25 1.5
-0.5 7 -6.75
1.5 4.75 0.5
-0.75 7.75 0.25
-1.25 4.5 0.25
1.5 4 1.25
0 4.75 -4.5
0 4.75 -4.25
-0.75 9.25 4.25
-0.75 9.25 4.5
-0.75 9 4.75
-0.75 7.25 1.75
-0.75 7 2.25
-1.5 5.25 -5.5
-1.5 5.25 -5.25
0.75 7.75 -0.25
0 5 -3.25
0 5 -3
1.5 4.75 1.25
-0.75 7.5 0.75
-0.75 6.75 2.75
-0.5 6.5 -7
-0.5 6.5 -6.75
0.75 8 -5.5
0.75 8 -5.25
-1.25 4.5 1.5
-1.5 5.75 -4
1.5 4 0.5
-1.25 4.25 0.25
1.5 4.75 1
-1.5 6 -5
-1.5 6 -4.75
-0.75 6.75 2.5
-1.5 5 -5.5
-1.5 5 -5.25
-0.75 7.5 0.5
-1.25 4 0.5
0.75 7.75 -1.5
1.5 4 0.75
1.25 5 -5.5
0 4.75 -4
-0.75 8.75 4
-0.75 9 4.25
-0.75 9 4.5
-0.75 9.25 4.75
-1.5 6.25 -4.5
-1.5 6.25 -4.25
-0.75 7 3.5
-1.25 4.75 1.25
1.25 5.75 -3.75
1.25 5.75 -3.5
0.75 7.75 -1
-0.75 6.75 2.25
-1.25 4.75 1.5
1.5 4.25 0.5
-0.75 7.5 0.25
-1.25 4 0.25
0.75 8.25 -5.25
1.5 4.5 1.25
0.75 8 -5.75
0.75 8.25 -5.5
-1.5 5.75 -3.75
-1.5 5.75 -3.5
-0.75 6.5 2.75
-0.5 6.75 -6.75
-0.5 6.75 -7
0.75 7.75 -1.25
1.5 4.25 0.75
-1.25 4.5 1.25
-1.25 4.75 1.75
-1.5 6 -4.5
1.5 4.5 1
1.5 4.75 1.5
1.25 5 -5.75
-0.75 9 4
-0.75 8.75 4.25
-0.75 8.75 4.5
-1.5 6.25 -5
-1.5 6.25 -4.75
-0.75 7 3
-0.75 7 3.25
-1.25 4.25 0.5
1 3 -5.5
1 3 -5.25
-1.5 6.5 -5
-1.5 6.5 -4.75
-1 0.75 0.5
-1 0 1.25
1.25 7.5 -6
0.75 4 -6
-1.5 6.75 -4.5
-1.5 6.75 -4.25
0 8.5 -4.5
0 8.5 -4.25
0.75 4.75 -5.75
-1.5 7 -3.75
-1.5 7 -3.5
-0.75 6.25 2.75
-0.5 6 -7
-0.5 6 -6.75
-1 0.75 0.75
-1 0 1
0.75 5 -1.5
1.25 7.75 -5.25
1.25 7.75 -5.5
0.75 4.5 -5.5
1 2.75 -6
1 2.75 -6.25
-0.75 5 1.75
0.75 4.25 -6
-1.5 6.5 -4.5
-1.5 6.5 -4.25
-1 0.25 1.25
-1.5 6.75 -4.75
-1.5 6.75 -5
-0.75 6 2.5
-1 0.5 0.5
0.75 5 -1.25
0 8.5 -5
0 8.5 -4.75
1 2.5 -6
-1.5 7 -4
-1 0.25 1
0.25 9.75 3.75
1.25 7.25 -6
1.25 7.75 -5.75
0.75 4.5 -5.75
-0.75 6 2.75
-1 0.5 0.75
-0.5 6.25 -6.75
-0.5 6.25 -7
0.75 4.25 -5.75
1 3 -6
1 3 -6.25
-1.5 6.5 -4
-1.5 7.5 -5.25
-0.75 5.75 2.25
-1.5 7.5 -5.5
-1 0.25 0.75
1.25 7.5 -5.25
1.25 7.5 -5.5
-1.5 6.75 -3.75
-1.5 6.75 -3.5
-0.5 5.75 -6.75
-1 0.5 1
-1.25 9.25 3.75
0 8.5 -3.75
0 8.5 -3.5
1 2.5 -5.75
-1.5 7 -4.5
-1.5 7 -4.25
-1.5 7.25 -5.75
-1 0.25 0.5
1.25 7.25 -5.75
0.75 4.5 -6
1 2.75 -5.5
1 2.75 -5.25
-0.75 6 3
-0.25 7.5 -6.75
0.75 4.25 -5.5
1.5 9.5 3.5
1.5 9.5 3.75
-1.5 6.5 -3.5
-1.5 6.5 -3.75
-0.75 5.75 2.75
-1 0.75 1
0.75 5 0
1.25 7.5 -5.75
0.75 4 -5.75
-1.5 6.75 -4
-0.25 7.25 -6.75
-1 0 0.75
0 8.5 -4
0.75 3.75 -5
0.75 3.75 -4.75
0.75 4.75 -6
1 2.5 -5.5
1 2.5 -5.25
-1.5 7 -5
-1.5 7 -4.75
-1.5 7.25 -5.5
-1.5 7.25 -5.25
-0.75 5.75 2.5
-0.75 6.25 3
-0.75 6.25 3.25
-0.75 5 0.25
1.25 7.25 -5.5
-1.25 9.5 3.75
-1.25 9.5 3.5
-1 0 0.5
0 8.75 -3.75
0 8.75 -3.5
1.25 6.75 -6
0 8.25 -5.75
0.75 4.25 -4.75
0.75 3.25 -6
0.75 3.25 -6.25
1 2 -5.75
-1.5 7.5 -4.5
-1.5 7.5 -4.25
-0.75 5.25 2
0.75 5 -3.25
0.75 5 -3
0.75 4 -4.5
1 2.25 -5.5
1 2.25 -5.25
-0.25 7 -7
-0.25 7 -6.75
-1 1.5 0.5
0.75 3.75 -5.5
0.75 3.75 -5.25
0.75 4.75 -4
-1.5 7.75 -3.75
-1.5 7.75 -3.5
-1.5 7 -5.5
-1.5 7 -5.25
-1.5 7.25 -5
-1.5 7.25 -4.75
-0.75 5.25 2.25
1.25 7.75 -3.5
1.25 7.75 -3.75
1.25 8 -3.25
1.25 8 -3
0.75 4.5 -3.75
-0.75 5.5 2.5
-1 1.5 0.75
0 8.75 -4
0 8 -5.75
0 8.25 -5.5
0 8.25 -5.25
0.75 4.25 -4.5
0.75 4.25 -4.25
1 2 -5.25
1 2 -5.5
-1.5 7.5 -5
-1.5 7.5 -4.75
-1 1.25 0.75
0.75 5 -2.75
1.25 7.5 -5
1.25 6.5 -6
0.75 4 -4.75
0.75 4 -5
1 2.25 -5.75
-0.75 5.5 2.25
0.75 5.25 -2.5
0.75 3.75 -5.75
0.75 4.75 -3.75
0.75 4.75 -3.5
-1.5 7.25 -4.25
-1.5 7.25 -4.5
-1.5 7.75 -4
-1.5 7 -5.75
-1 1.25 0.5
1.25 7.75 -4
1.25 7 -5.75
0.75 3.5 -6
0.75 3.5 -6.25
0.75 4.5 -4
-1 1 1
0.75 5.25 -2.75
0 8.75 -4.25
0.75 4.25 -4
0.75 3.25 -5.5
0 8 -6
0 8 -6.25
-1.5 7.5 -3.75
-1.5 7.5 -3.5
-1.5 6.5 -5.75
0.75 5 -2.25
1.25 7.5 -3.5
1.25 6.5 -5.75
1 2.25 -6
-1.5 6.75 -5.5
-1.5 6.75 -5.25
-1 1 0.75
0 8.5 -5.25
0 8.5 -5.5
0.75 3.75 -6
-1.5 7.25 -4
-1.5 7.75 -4.5
-1.5 7.75 -4.25
-1 1.25 1
-0.25 6.75 -7
-0.25 6.75 -6.75
0.75 5 -2.5
1.25 7.75 -4.5
1.25 7.75 -4.25
1.25 7 -6
0.75 3.5 -5.75
0.75 4.5 -4.25
1 1.75 -5.75
-1 1 0.5
0.75 5.25 -3.25
0.75 5.25 -3
1.25 6.75 -5.75
0.75 3.25 -5.75
1 2 -6
-1.5 6.5 -5.25
-1.5 7.5 -4
-1.5 6.5 -5.5
0.75 5 -1.75
-0.75 5 2
-1.5 6.75 -5.75
-1 1.5 1
-1.5 7.25 -3.75
-1.5 7.25 -3.5
-1.5 7.75 -5
-1.5 7.75 -4.75
0.75 5 -2
1.25 7.75 -5
1.25 7.75 -4.75
0.75 3.5 -5.5
0.75 3.5 -5.25
1 1.75 -5.25
-0.25 6.5 -7
1 0 -5
1 0 -4.75
0.75 5.25 -3.5
0 8 0
1.5 6.75 1.25
-1 1.75 1
-1 2.25 0.75
-1.25 7 0.25
1.25 7.5 -2.75
1.25 6.75 -1
1 1.25 -5.75
-1.25 6.5 1.5
-1.25 6.75 1
-0.75 3.25 1
1.25 7 -0.25
-0.75 3.75 0.25
0.75 4.75 -2.25
1.5 6.5 1.5
1.5 6.75 1
0.75 5.75 -6
1 1.5 -5.5
1 1.5 -5.25
-1.5 7.25 -3.25
-1.5 7.25 -3
0 8 -0.25
-1 2.25 0.5
1.25 7.25 -3
0 8.25 -0.75
1.25 6.5 -1.5
1.25 6.75 -1.25
1.25 7 0
1.25 8 -5
1.25 8 -4.75
-1.25 6.75 1.25
-1.25 6.5 1.75
1.5 7 0.25
1 0 -4.5
0.75 4.75 -2
1.25 6.5 -1
1.25 7 -0.75
0 7.75 -6.25
0 7.75 -6.5
-1.5 7.5 -3.25
-1.5 7.5 -3
-1.25 7 0.75
-1.25 6.75 1.5
-0.75 3.5 1.25
0 8 -0.5
1.25 7.5 -3.25
1.25 7.5 -3
1.25 7.75 -2.5
1.5 6.5 1.25
1 1.25 -5.5
1 1.25 -5.25
1 0.25 -4.75
1 0.25 -5
-1 2 0.75
1.5 7 0.5
0.75 4.75 -1.75
1.25 6.5 -1.25
1.25 6.75 -1.5
1 1.5 -5.75
-1.5 7.25 -2.75
-1.25 6.5 1.25
-1.25 6.75 1.75
-0.75 3.5 1
-1.25 7 0.5
1.25 7.25 -2.75
0 8 -0.75
1.25 8 -4.5
1.25 8 -4.25
1.5 6.5 1
1.25 7 -0.5
-0.75 3.75 0.5
-1 2 0.5
1.25 7 -1.25
1.25 6.75 0
1 1 -5.5
1 1 -5.25
-1.5 7.25 -2.5
-1.25 7 1.25
-1.5 6.5 -0.5
1.5 6.75 0.25
1.25 7.25 -2.5
0 8 -1
1.25 7.5 -1.75
1.5 6.5 0.75
0.75 6 -6
-1.5 6.75 0
-0.75 3.75 1.25
1.25 6.5 -0.5
0 8.25 -1.5
1.25 6.5 -0.75
1.25 7 -1
1 0.5 -5
1 0.5 -4.75
-1.25 7 1
1.25 6.75 -0.25
-0.75 3.5 0.5
1.25 7.25 -2.25
1.25 7.75 -2.75
1.25 7.5 -2
1.25 8 -4
-1.5 6.5 -0.75
-0.75 3.75 1
-1 2 1
-1.5 6.75 -0.25
1.5 6.5 0.5
-1.25 6.75 0.25
-0.75 3.25 0.25
1.5 6.75 0.75
0.75 6.25 -6.25
0.75 6.25 -6
1 1 -5.75
0.75 6.25 -6.5
-1.5 6.5 0
1.25 6.75 -0.5
-1 1.75 0.5
-0.75 3.5 0.25
0.75 5 -3.5
1.25 7.5 -2.25
0 8.25 -1
1.25 7 -1.5
1.25 7.25 -2
0.75 5 -3.75
-1.5 6.75 -0.5
-1.25 6.75 0.5
-0.75 3.25 0.5
1.5 6.5 0.25
0.75 5.75 -5.75
0 7.5 -6.5
-1.5 6.75 -0.75
-1 2.25 1
-1 1.75 0.75
-1.5 6.5 -0.25
1.5 6.75 0.5
1.25 7.5 -2.5
1.25 7.75 -3.25
1.25 7.75 -3
1.25 8 -3.75
1.25 8 -3.5
0 8.25 -1.25
1.25 6.75 -0.75
1.25 7.25 -1.75
1 0.75 -5
-1.25 6.75 0.75
-1.25 7 1.5
-0.75 3.25 0.75
1.25 7.5 -1
-1.5 6.5 -3.25
-1.5 6.5 -3
-0.75 4.25 1.5
-0.75 4.5 0.25
0.75 4.75 -0.75
1.25 7 -2
1.25 7.25 -1.5
-1.5 6.75 -2.75
-1 2.5 1
0 8.5 -2.75
1.25 7.5 -1.25
-0.75 4 1.25
0.75 4.75 -0.5
1.25 7 -1.75
0.75 5.5 -5.75
1 0.75 -5.5
-1 3 0.5
0 8.25 -1.75
1.25 7.25 -1.25
0.75 5.25 -5.75
1 1 -5
0 7 -6.5
0 7 -6.25
-1.5 6.5 -2.75
-1.5 7 -2.5
-1 2.75 1
0.75 4.75 -0.25
1.25 7 -2.5
-1.5 6.75 -3
-1.5 6.75 -3.25
-0.75 4.75 0.25
-1 3 0.25
0 8.5 -3.25
0 8.5 -3
0 8.25 -2
1.25 7.25 -1
0.75 4.75 0
1 0.5 -5.5
1 0.5 -5.25
-1.25 7.25 1
-0.75 4.5 0.5
1.25 7 -2.25
1.25 7.5 -1.5
-0.75 4.25 1.25
0 8.5 -2
0.75 4.75 -1.5
1.25 6.75 -1.75
1.25 7.25 -0.75
-1.25 7.25 0.75
-1.25 6.75 2
-0.75 4.5 1.25
-0.75 4.75 1.75
-1 2.75 0.5
1.25 6.5 -2.25
0.75 5 -5.75
1 1.25 -5
1 0.25 -5.5
1 0.25 -5.25
-0.75 4.25 0.5
0 8.5 -1.75
1.25 6.75 -2
0 6.5 -6.5
0 6.5 -6.25
-1.5 6.5 -2.5
-1.5 7 -2.75
-1 2.75 0.75
-0.75 4.75 1.5
-1.25 7.25 0.5
-0.75 4 0.25
0.25 9.75 4
1.25 6.5 -2.5
1.25 7.25 -0.5
-1 2.5 0.25
1 0 -5.5
1 0 -5.25
0 8.5 -2.5
1.25 6.75 -2.25
-0.75 4 0.5
-1.25 7.25 0.25
0.75 4.75 -1.25
1.25 6.5 -1.75
-1.25 6.5 2
1.25 7.25 -0.25
-1 2.5 0.5
0 8.5 -2.25
1.25 6.75 -2.5
1 1.5 -5
-1.5 7 -3.25
-1.5 7 -3
-1 2.75 0.25
0.25 9.75 4.25
0.25 9.75 4.5
0.75 4.75 -1
1.25 6.5 -2
1.25 7.25 0
1.25 8 -5.25
0 6.75 -6.5
0 6.75 -6.25
-1.5 6.75 -2.5
-1.25 6.5 2.25
-1 3 1
-0.75 4.5 1.5
-1 2.5 0.75
-0.75 4.25 0.25
0.25 7.5 1.25
0.5 5.5 2.75
1 6 -5.75
0.75 1.25 -5.5
0.75 1.25 -5.25
0.75 0.25 -5
0.75 0.25 -4.75
-1 3.25 1.25
0.25 9.5 4
0.25 8.5 6
0.5 5.25 2
0.25 6.5 3.5
0.25 6.5 3.75
-0.25 7.75 0
-0.5 3.75 -5.5
-0.5 3.75 -5.25
-1.75 5.5 -4
-0.5 4.75 -4
-1.25 10.25 4
-0.75 2.25 0.5
1 5.5 -3.5
0.25 7.5 1
0.5 5.5 2.5
0 6.5 -7
-0.5 5 -3.25
-0.5 5 -3
-1 3.25 1
0.25 7.75 0.25
-1 3.75 0.25
0.25 8.75 5.5
0.5 5.25 2.25
0.75 1.5 -5.75
-0.5 4.25 -5
-0.5 4.25 -4.75
-0.75 2.25 0.75
0.5 5.5 2.25
0.25 6.75 3.5
0.25 6.75 3.75
-0.5 4.5 -4
0.25 7.75 0.5
-0.75 2 0.5
0.75 0 -5
0.75 0 -4.75
0.25 9.5 4.25
0.25 9.5 4.5
0.25 8.5 5.75
1 5.25 -3.5
0.25 7.5 1.75
1 5.25 -3.75
-1 3.5 1
-0.5 3.75 -5.75
-0.5 4.75 -3.75
-1.25 10 4
-0.25 8 -6
-0.25 8 -6.25
0.25 7.75 0.75
-0.5 5 -2.75
-0.5 4 -5
-0.5 4 -4.75
-0.75 2 0.75
0.25 9 5.25
0.25 9 5.5
0.25 7.5 1.5
1 5.75 -6
0.75 1.5 -5.5
0.75 1.5 -5.25
0 6.75 -7
-0.25 8.5 -5.25
-1 3.5 1.25
-0.5 4.25 -4.5
-0.5 4.25 -4.25
0.25 7.75 1
1 5 -3.75
1 5 -3.5
-0.5 5 -2.5
-0.5 4.5 -4.5
-0.5 4.5 -4.25
-1 3.25 0.25
0.25 9.5 4.75
0.25 9.5 5
1 6.25 -6
1 6.25 -6.25
-0.25 8.75 -4
-0.25 8.25 -5.25
-0.25 8 -5.75
-0.25 8.25 -5.5
-1.25 9.75 4
-1 3.5 0.5
0.25 7.75 1.25
0.75 0.75 -5
-0.5 5 -2.25
-1 3.75 1.25
0.25 8.25 5.75
0.25 9.25 5.25
1 5.75 -5.75
0.5 5 2
1 5 -4
1 6 -6
0 7 -7
0 7 -6.75
-0.5 4.5 -5
-0.5 4.5 -4.75
0.25 7.75 1.5
0.75 1 -5.5
0.75 1 -5.25
-0.25 8.75 -3.75
-0.25 8.25 -5.75
-1.75 5.5 -4.25
-0.5 4.75 -4.25
-0.75 1.75 0.75
-1 3.25 0.5
0.25 8.25 6
0.25 9.25 5
0.25 9.25 4.75
0.25 7 3.75
0.75 0.5 -5
-0.75 1.75 0.5
-1 3.5 0.25
0 7.25 -6.75
-0.5 4.5 -5.5
-0.5 4.5 -5.25
-1.75 5.75 -4.5
-1.75 5.75 -4.25
-0.75 3 0.5
0.5 5.75 3
1 5.25 -5.75
0.75 1 -5
0.75 6 -6.75
-1 4 1.25
-0.5 4.75 -5.75
1 4.75 -0.25
0.5 5 1.75
-1.75 6.25 -4
-0.75 3 0.75
0.25 8.25 4.75
0.25 8.25 5
1 4.75 0
0.25 7.25 3.75
0.75 0.5 -5.5
0.75 0.5 -5.25
-0.25 8.5 -4
-1.75 6 -3.75
-1.75 6 -3.5
-1 4.25 1.5
-1 4.5 0.25
1 4.75 -0.75
0.75 6.25 -6.75
-1 4.25 1.25
-0.5 4.5 -5.75
-0.25 8.25 -5
-0.5 4.75 -5.5
0.5 6 2.75
1 5.5 -5.75
0.75 0.75 -5.5
0.75 0.75 -5.25
0 7.5 -6.75
-1.75 6.25 -3.75
-1.75 6.25 -3.5
-1 4 1.5
-1 4.75 0.25
0.25 8.25 5.5
0.25 8.25 5.25
0.25 7.75 2.75
-0.25 8.5 -3.75
-0.25 8.5 -3.5
-0.75 2.75 1
-1.75 6 -4
1 4.75 -0.5
1 4.75 -1.25
0.75 0 -5.25
0.25 8.5 5.5
0.25 8.5 5.25
0.25 7.5 2.25
-0.75 2.75 0.75
-1 4.75 1.5
-1 4 0.25
1 4.75 -1
0.5 6 3
0.5 6 3.25
-0.5 4 -5.25
-0.5 4 -5.5
0.25 8.75 6
0.25 9 5.75
0.25 7.5 2
0.25 7.75 3
0.5 6.25 3.5
0.25 8 4.25
0.25 8.25 4
-0.25 8.5 -5
-0.25 8.5 -4.75
-1 4.75 1.75
-0.5 4.25 -5.75
-1.75 6 -4.5
-1.75 6 -4.25
-0.75 2.75 0.5
1 5 -5.75
0.75 0.25 -5.25
-0.75 3 1
-1 4.5 1.5
-1.75 5.75 -4
-0.75 2.5 0.75
-1 4.25 0.25
0.25 7.5 2.75
0.5 5.75 2.75
-0.5 3.75 -5
-1.75 6.25 -4.5
-1.75 6.25 -4.25
-0.5 4 -5.75
-0.75 2.5 0.5
0.25 8.25 4.25
0.25 8.25 4.5
0.25 8.75 5.75
0.25 7.5 2.5
0.5 5.75 2.5
0.5 6.25 3
0.5 6.25 3.25
0.25 8 4
-0.25 8.5 -4.5
-0.25 8.5 -4.25
-0.5 4.25 -5.5
-0.5 4.25 -5.25
-0.75 0 1
-0.5 4.5 0
-1 6 2.25
-1 5 1.75
-0.5 5.5 -5.75
-1 5.25 0.25
1 5 -1
0.5 4 1
1 4.25 -6
0.75 3 -5.75
-0.25 8.25 -2.75
-0.25 8.5 -2.5
-1 6.25 2.75
-0.75 0.75 0.75
1 5.25 -0.5
-0.5 4.75 -0.5
0.5 4.5 0.25
-0.75 0 1.25
1 5.25 -0.75
1 4.5 -5.75
-0.5 4.75 -0.75
-0.25 6.75 -6.5
-0.25 6.75 -6.25
-0.5 4.5 -0.25
0.5 4.75 0.5
1 5.75 -3
1 5 -1.25
0.25 8.25 3
0.25 8.25 3.25
0.5 4 1.25
0.25 7.75 4
0.75 2.5 -6
-0.25 8.5 -2.25
-1 6.25 2.5
-0.75 0.75 0.5
0.5 4.25 1
1 4 -6.25
1 4 -6
-1 6 2.75
-0.75 0.5 0.75
-0.5 4.5 -0.5
0.5 4.75 0.25
1 5.25 0
0.5 4.5 0.75
0.75 3 -5.5
-0.25 8.5 -2
-0.5 4.75 0
-1 6.25 2.25
-0.75 0.25 1
1 5 -1.5
0.5 4.25 1.25
1 3.5 -5
0.75 2.75 -6
-1 6 2.5
-1 5.25 0.5
1 5.75 -2.75
0.25 8 3
0.25 7.75 4.25
1 4.75 -5.75
-0.5 4.5 -0.75
-0.5 5.25 -5.75
-0.25 6.5 -6.5
-0.25 6.5 -6.25
1 5.25 -0.25
-0.5 4.75 -0.25
0.5 4.5 0.5
1 5 0
0.5 4.25 0.5
1 5.75 -2.5
1 5.5 -1.25
0.5 4.5 1.25
0.5 4.75 1.75
0.25 7.5 4
-0.25 8.25 -1.75
-0.5 4.5 -1
-1 5.75 2
-0.25 7 -6.25
-0.25 7 -6.5
0.5 4.25 0.75
0.75 2.75 -5.75
-0.5 5 -5.75
-0.75 0.5 1
1 5 -0.25
1 5.25 -1.5
0.25 8 2.75
0.5 4.5 1
0.5 4.75 1.5
1 3.75 -5
1 3.75 -4.75
1 4.75 -6
0.75 2.5 -5.5
-0.25 8.5 -3.25
-0.25 8.5 -3
-0.25 8.25 -2
-0.5 4.75 -1.5
-1 5.75 2.25
-0.75 0.25 0.75
1 5.25 -1
1 5.5 -1.5
0.5 4.75 1.25
-0.5 4.75 -1
1 5 -0.5
1 4.25 -5.75
0.75 3 -6
0.25 8.5 3
0.25 8.5 3.25
-0.25 8.25 -2.25
-1 6.25 3
-1 5.25 1.75
-1 5.75 2.5
0.5 4 0.5
-1 5 0.25
-0.75 0 0.75
1 5.25 -1.25
0.5 4.5 1.5
1 4.5 -6
0.75 2.75 -5.5
-0.5 4.75 -1.25
1 5 -0.75
0.5 4 0.75
0.25 7.25 4
0.75 2.5 -5.75
-0.25 8.25 -2.5
-0.25 8.5 -2.75
1 5 -2.75
1 5.5 -2
0.5 3.25 1
1 4 -5
1 4 -4.75
0.75 2.25 -5.75
-0.25 8.25 -1
-0.75 1.5 0.75
1 5.25 -2.25
1 4.25 -4.5
1 4.25 -4.25
0.75 2 -5.5
0.75 2 -5.25
-0.5 4.75 -2.25
-1 5.25 2.25
-0.5 5.75 -6
1 5.5 -1.75
1 3.5 -6.25
1 3.5 -6
1 4.5 -4
-0.25 8.25 -1.25
-0.75 1.5 0.5
0.25 9 3.25
1 5.25 -2.5
0.25 7 4
1 4.75 -3.75
1 4.75 -3.5
-0.5 4.75 -2.5
-0.25 8 -1.5
-1 5.25 2
-0.25 7.5 -6.5
1 5.5 -2.5
0.5 3.75 0.75
1 4 -4.5
1 4 -4.25
0.75 2.25 -5.5
-0.25 8 -1
-1 5.5 2
1 5.25 -1.75
1 4.25 -4.75
1 3.25 -6.25
1 3.25 -6
0.75 2 -5.75
-0.5 4.75 -1.75
-1.25 9.75 3.75
-1.25 9.75 3.5
-0.75 1.25 0.5
1 5.5 -2.25
1 4.5 -3.75
1.5 9.75 3.75
1.5 9.75 3.5
-0.25 8 -1.25
-1 5.5 2.25
0.5 3.75 0.5
1 5.25 -2
0.5 3.5 1
1 3.75 -5.25
1 4.75 -4
0.25 8.75 3
0.25 8.75 3.25
-0.25 8.25 -1.5
-0.5 4.75 -2
-0.75 1.25 0.75
1 5 -1.75
0.5 3.75 1.25
0.25 8 0.5
-0.75 1 0.5
0.25 9.5 3.25
1 5.25 -3.25
1 5.25 -3
0.5 3.5 0.75
-1.25 10 3.75
-0.25 7.75 -6.25
-0.25 7.75 -6
-0.25 7.75 -6.5
-0.25 8 -0.5
1 5.5 -2.75
1 5 -2
0.5 3.75 1
1 3.5 -5.25
1 3.5 -5.5
0.75 1.75 -5.5
0.75 1.75 -5.25
1.5 10 3.75
1.5 10 3.5
-0.25 8 -0.75
-0.5 5 -4
-0.75 1 0.75
-0.5 6 -6.5
-0.5 6 -6
0.25 9.25 3.5
1 4.75 -4.25
0.5 3.5 0.5
1 5 -2.25
0.5 3.25 0.5
0.25 9.5 3.75
0.25 9.5 3.5
1 5.25 -2.75
1 4.25 -4
1 3.25 -5.5
1 3.25 -5.25
-0.5 4.75 -2.75
-0.25 8 0
-1.25 10.25 3.75
-0.5 5.75 -5.75
1.5 10.25 3.5
1.5 10.25 3.75
1 5 -2.5
1 5.5 -3
1 5.5 -3.25
0.5 3.25 0.75
1 4.5 -4.25
0.75 1.75 -5.75
-0.5 5 -3.75
-0.5 5 -3.5
-1 5 2
0.25 8 0.25
0.25 9.25 3.25
1 3.75 -6.25
1 3.75 -6
-0.5 6.25 -6.25
-0.5 6.25 -6.5
-0.5 6.25 -6
-0.25 8 -0.25
-1 5 -1.75
-0.75 1.75 -5.75
-0.5 3.25 0.5
-0.25 8 0.25
0.5 4.75 -2.75
0.5 5.75 -5.75
-0.25 9.25 3.25
-1 5.25 -3.25
-1 5.25 -3
0.25 8 -0.25
0.5 5 -3.75
0.5 5 -3.5
-1.5 10.25 3.5
-1.5 10.25 3.75
-1 5.5 -2.75
-1 5 -2
-0.5 3.25 0.75
-1 3.5 -5.25
-1 3.5 -5.5
0.25 8 0
0.5 6.25 -6.25
1.25 10.25 3.75
0.5 6.25 -6.5
0.5 6.25 -6
-0.25 9.5 3.75
-0.25 9.5 3.5
-1 4.75 -4.25
0.25 8 -0.75
0.75 1 0.75
-1 5 -2.25
-0.5 3.75 1.25
-0.75 1.75 -5.5
-0.75 1.75 -5.25
-0.25 9.25 3.5
-1 5.25 -2.75
-0.5 3.5 0.75
-1 4.25 -4
-1 3.25 -5.5
-1 3.25 -5.25
1 5 2
0.5 5 -4
0.5 6 -6.5
0.5 6 -6
-1 5 -2.5
-1 5.5 -3
-1 5.5 -3.25
-0.5 3.75 1
-1 4.5 -4.25
-1.5 10 3.75
-1.5 10 3.5
0.75 1 0.5
-0.25 8 0.5
1.25 10 3.75
0.25 7.75 -6.25
0.25 7.75 -6
0.25 7.75 -6.5
-0.25 9.5 3.25
-1 3.75 -6.25
-1 3.75 -6
0.25 8 -0.5
-0.5 3.5 0.5
0.25 8 -1.25
-1 5 -2.75
-1 5.5 -2
-0.5 3.75 0.75
-1 4 -5
-1 4 -4.75
0.25 8.25 -1.5
0.5 4.75 -1.75
1 5.25 2.25
0.75 1.25 0.75
-1 5.25 -2.25
-1 4.25 -4.5
-1 4.25 -4.25
-0.25 8.75 3
-0.25 8.75 3.25
0.25 8 -1
-1 5.5 -1.75
-1 3.5 -6.25
-1 3.5 -6
-1 4.5 -4
-0.75 2.25 -5.5
-1.5 9.75 3.75
-1.5 9.75 3.5
-0.5 3.75 0.5
0.5 4.75 -2
1 5.25 2
1.25 9.75 3.75
1.25 9.75 3.5
-1 5.25 -2.5
-0.5 3.5 1
-1 4.75 -3.75
-1 4.75 -3.5
-0.75 2 -5.75
0.75 1.25 0.5
0.25 8.25 -1.25
1 5.5 2
-1 5.5 -2.5
-0.5 3.25 1
-1 4 -4.5
-1 4 -4.25
0.75 1.5 0.5
0.5 4.75 -2.25
0.25 8 -1.5
0.25 7.5 -6.5
0.5 5.75 -6
-0.25 9 3.25
-1 5.25 -1.75
-0.25 7 4
-1 4.25 -4.75
-1 3.25 -6.25
-1 3.25 -6
0.25 8.25 -1
1 5.5 2.25
0.75 1.5 0.75
-1 5.5 -2.25
-1 4.5 -3.75
-0.75 2.25 -5.75
0.5 4.75 -2.5
-1 5.25 -2
-1 3.75 -5.25
-1 4.75 -4
-0.75 2 -5.5
-0.75 2 -5.25
0.75 0 0.75
0.5 4.75 -1
-1 5 0
-0.5 4.75 1.25
-0.75 2.75 -5.5
0.25 8.25 -2.5
0.25 8.5 -2.75
1 5.75 2
-1 5.75 -2.5
-1 5.5 -1.25
-0.25 7.25 4
-0.75 2.5 -5.75
-0.5 4 0.5
0.5 4.75 -1.25
-0.5 4.5 1.5
-1 5 -0.25
0.25 8.25 -2.25
1 5.75 2.25
-1 5.25 -1.5
-0.5 4 0.75
-1 3.75 -5
-1 3.75 -4.75
-1 4.75 -6
-0.75 3 -6
-0.25 8.5 3
-0.25 8.5 3.25
0.75 0.5 1
-1 5.25 -1
-1 5.5 -1.5
-0.75 2.75 -5.75
-1 5 -0.5
-0.5 4.25 0.5
0.25 8.5 -3.25
0.25 8.5 -3
0.25 8.25 -2
0.5 4.5 -1
1 6.25 3
1 5.25 1.75
1 5.75 2.5
0.75 0.25 0.75
-0.25 8 2.75
-0.5 4.5 1.25
-0.5 4.75 1.75
-1 4.25 -5.75
-0.75 2.5 -5.5
1 5 0.25
0.5 5 -5.75
-1 5.25 -1.25
-0.5 4.25 0.75
-1 4.5 -6
0.25 8.25 -1.75
0.5 4.75 -1.5
0.25 7 -6.25
0.25 7 -6.5
-1 5 -0.75
-0.5 4.5 1
-0.5 4.75 1.5
-0.25 7.5 4
0 9.75 4
1 6 2.25
1 5 1.75
-0.5 4.25 1
-0.75 2.75 -6
0.5 4.5 -0.5
1 5.25 0.25
-0.5 4.75 0.25
0.5 4.75 0
1 6.25 2.75
0.25 6.5 -6.5
0.25 6.5 -6.25
-1 5 -1
-0.25 8 3
-0.5 4.5 0.75
-0.25 7.75 4.25
-1 4.25 -6
-1 5.25 -0.5
0.75 0.5 0.75
-1 5.25 -0.75
-0.5 4.25 1.25
-1 4.5 -5.75
0.25 8.5 -2
0.5 4.5 -0.75
1 6.25 2.5
0.5 5.25 -5.75
0.75 0.25 1
-1 5.75 -3
-1 5 -1.25
-0.75 3 -5.5
0.5 4.75 -0.25
-0.5 4.5 0.5
0.75 0 1.25
0 9.75 4.25
0 9.75 4.5
0.5 4.5 0
1 6 2.75
0.5 5.5 -5.75
0.25 6.75 -6.5
0.25 6.75 -6.25
-1 4 -6.25
-1 4 -6
0.25 8.5 -2.25
1 6.25 2.25
-1 5.25 0
-0.25 8.25 3
-0.25 8.25 3.25
-0.5 4 1
-0.25 7.75 4
-0.75 2.5 -6
0.5 4.75 -0.5
0.75 0.75 0.5
-0.5 4.5 0.25
0.75 0 1
0.5 4.75 -0.75
1 6 2.5
-1 5 -1.5
-1 3.5 -5
0.5 4.5 -0.25
1 5.25 0.5
-0.5 4.75 0.5
0.25 8.25 -2.75
0.25 8.5 -2.5
0.75 0.75 0.75
-1 5.75 -2.75
-0.5 4 1.25
-1 4.75 -5.75
-0.75 3 -5.75
-1 5.25 -0.25
1.75 6.25 -4.5
1.75 6.25 -4.25
-1 4.75 -1.25
0.75 2.5 0.5
0.25 8.5 -4.5
0.25 8.5 -4.25
1 4.75 1.5
0.5 3.75 -5
-0.25 8.25 4.25
-0.25 8.25 4.5
-0.25 8.75 5.75
-0.25 7.5 2.5
-0.5 5.75 2.75
-0.25 8 4
1 4 0.25
0.75 3 1
0.5 4 -5.75
1.75 5.75 -4
0.75 2.5 0.75
-1 4.75 -1
-0.75 0.25 -5.25
1 4.75 1.75
0.5 4.25 -5.5
0.5 4.25 -5.25
-0.25 7.5 2.75
-0.5 5.75 2.5
-0.5 6.25 3
-0.5 6.25 3.25
0 9.75 3.75
1 4.5 1.5
0 9.75 3.5
-1 5 -5.75
1 4.25 0.25
0.25 8.5 -5
0.25 8.5 -4.75
1.75 6 -4.5
1.75 6 -4.25
-0.25 8.75 6
-0.25 9 5.75
-0.25 7.5 2
-0.25 7.75 3
-0.25 8 4.25
-0.25 8.25 4
0.75 2.75 0.5
0.5 4 -5.25
0.5 4 -5.5
-0.5 6 3
-0.5 6 3.25
-0.75 0 -5.25
0.75 2.75 0.75
0.5 4.25 -5.75
-0.25 8.5 5.5
-0.25 8.5 5.25
-0.25 7.5 2.25
-0.5 6.25 3.5
1.75 6.25 -3.75
1.75 6.25 -3.5
0.5 4.5 -5.75
-0.75 0.75 -5.5
-0.75 0.75 -5.25
0.25 8.5 -3.75
0.25 8.5 -3.5
1 4 1.25
0.75 2.75 1
0.5 4.75 -5.5
1.75 6 -4
-0.25 8.25 5.5
-0.25 8.25 5.25
-0.25 7.75 2.75
-1 5.25 -5.75
-1 4.75 -0.25
-0.5 6 2.75
-0.75 6.25 -6.75
0.25 8.25 -5
1 4.25 1.5
-1 4.75 0
1 4.5 0.25
1.75 6.25 -4
0.75 3 0.75
1 4.25 1.25
0.5 4.5 -5.5
0.5 4.5 -5.25
-1 4.75 -0.75
0.25 8.5 -4
1.75 6 -3.75
1.75 6 -3.5
0.5 4.75 -5.75
-0.25 8.25 4.75
-0.25 8.25 5
-0.5 5.75 3
-0.25 7.25 3.75
-0.75 0.5 -5.5
-0.75 0.5 -5.25
1 4 1.5
1.75 5.75 -4.5
1.75 5.75 -4.25
-0.5 5 1.75
-1 5.5 -5.75
0.75 3 0.5
1 4.75 0.25
-0.75 1 -5
-0.75 6 -6.75
-1 4.75 -0.5
0.5 4.5 -5
0.5 4.5 -4.75
-0.5 5 2
-1 5 -3.75
-1 5 -3.5
1 3.25 0.25
0.5 4.75 -4.25
-0.25 8.25 6
-0.25 9.25 5
-0.25 9.25 4.75
-0.25 7 3.75
-1 6.25 -6
-1 6.25 -6.25
-0.75 0.5 -5
1 3.5 0.5
0.75 1.75 0.5
1 3.75 1.25
0.25 8.75 -3.75
0.25 8.25 -5.75
1.75 5.5 -4.25
0.75 1.75 0.75
-0.25 7.75 1.5
-1 5.75 -5.75
-0.75 1 -5.5
-0.75 1 -5.25
0.5 5 -2.5
0.5 4.5 -4.5
0.5 4.5 -4.25
-0.25 7.75 1.25
-1 5 -4
-1 6 -6
-0.75 0.75 -5
-0.25 8.25 5.75
-0.25 9.25 5.25
0.5 5 -2.25
-0.25 7.75 1
1 3.25 0.5
0.25 8.75 -4
0.25 8.25 -5.25
0.25 8 -5.75
0.25 8.25 -5.5
1.25 9.75 4
-0.25 9.5 4.75
-0.25 9.5 5
1 3.5 0.25
1 3.25 1.25
0.5 4.5 -4
0.75 2 0.75
-0.25 7.75 0.75
-0.5 5.5 2.25
-1 6 -5.75
0.25 8.5 -5.25
0.5 3.75 -5.75
0.5 4.75 -3.75
-0.25 9 5.25
-0.25 9 5.5
-0.25 7.5 1.5
-0.75 1.5 -5.5
-0.75 1.5 -5.25
0.5 5 -2.75
1 3.25 1
0.5 4 -5
0.5 4 -4.75
-1 5.5 -3.5
-0.25 6.75 3.5
-0.25 6.75 3.75
0.75 2 0.5
-0.25 7.75 0.5
1 3.75 0.25
-0.75 0 -5
-0.75 0 -4.75
0.5 4.25 -4.5
0.5 4.25 -4.25
1.25 10 4
0.25 8 -6
0.25 8 -6.25
-0.25 9.5 4.25
-0.25 9.5 4.5
-0.25 8.5 5.75
-0.25 7.5 1.75
-0.25 7.5 1
-0.5 5.5 2.75
-0.25 7.75 0.25
1 3.5 1
0.5 3.75 -5.5
0.5 3.75 -5.25
0.5 4.75 -4
0.75 2.25 0.75
-0.25 8.75 5.5
-1 5.25 -3.5
-0.5 5.25 2
-1 5.25 -3.75
-0.75 1.5 -5.75
0.5 5 -3.25
0.5 5 -3
-0.25 7.5 1.25
-0.5 5.5 2.5
-0.75 1.25 -5.5
-0.75 1.25 -5.25
-0.75 0.25 -5
-0.75 0.25 -4.75
0.25 7.75 0
1 3.5 1.25
0.5 4.25 -5
0.5 4.25 -4.75
1.75 5.5 -4
1.25 10.25 4
-0.25 9.5 4
-0.25 8.5 6
-0.5 5.25 2.25
-0.25 6.5 3.5
-0.25 6.5 3.75
-1 5.75 -6
0.75 2.25 0.5
0 8.25 3
0 7.75 4
-1.25 6.75 -2.5
1 2.75 0.5
1.25 6.5 2.25
0.75 4.5 1.5
-0.25 9.75 4.25
-0.25 9.75 4.5
-0.75 4.75 -1
-1.25 6.5 -2
-1.25 7.25 0
-1.25 8 -5.25
-1 1.25 -5
-1 0.25 -5.5
-1 0.25 -5.25
0.75 4.25 0.25
1.5 7 -3.25
1.5 7 -3
1 2.75 0.75
-1.25 6.75 -2.25
0.75 4 0.5
1.25 7.25 0.25
1.5 6.75 -2.5
1.25 6.5 2
-0.75 4.75 -1.25
-1.25 6.5 -1.75
-1.25 7.25 -0.25
1 2.5 0.25
0 8 3
0.75 4.75 1.5
0 7.75 4.25
-1.25 6.75 -2
-1 0 -5.5
-1 0 -5.25
1.25 7.25 0.5
0.75 4 0.25
-0.25 9.75 4
-1.25 6.5 -2.5
1 2.5 0.5
-1.25 7.25 -0.5
1.5 6.5 -2.5
1.5 7 -2.75
1.25 7.25 0.75
1.25 6.75 2
0.75 4.5 1.25
0.75 4.75 1.75
-0.75 4.75 -1.5
-1.25 6.75 -1.75
-1.25 7.25 -0.75
-1 1.5 -5
1 2.75 0.25
1 3 1
1 2.5 0.75
-1.25 6.5 -2.25
-0.75 5 -5.75
0.75 4.25 0.5
1.5 6.5 -2.75
1.5 7 -2.5
1.25 7.25 1
0 8 2.75
-1.25 7.25 -1
-0.75 4.75 0
0.75 4.5 0.5
1.5 6.75 -3
1.5 6.75 -3.25
0.75 4.25 1.25
1 2.5 1
-1.25 7 -2.25
-1.25 7.5 -1.5
0 7.5 4
-1.25 7.25 -1.25
-0.75 5.25 -5.75
-0.75 4.75 -0.25
-1.25 7 -2.5
-1 0.75 -5.5
1 3 0.5
0.75 4.75 0.25
1.5 6.5 -3.25
1.5 6.5 -3
1 2.75 1
0.75 4 1.25
0 7.25 4
-1.25 7.5 -1.25
-1 1 -5
-0.75 4.75 -0.5
1.5 6.75 -2.75
-1.25 7 -1.75
-0.75 5.5 -5.75
1 3 0.25
0.75 4.25 1.5
0 7.5 4.25
0 8.5 3
0 8.5 3.25
-1.25 7.5 -1
-1 0.5 -5.5
-1 0.5 -5.25
0.75 4.5 0.25
-0.75 4.75 -0.75
-1.25 7 -2
-1.25 7.25 -1.5
0 9 3.25
1.5 6.5 0
0 7 4
-1.5 6.75 0.75
-0.75 5.75 -5.75
-1 1 -5.5
-1 1 -5.25
1.25 6.75 0.75
1.25 7 1.5
0.75 3.25 0.75
-1.25 7.5 -2.5
-1.25 7.75 -3.25
-1.25 7.75 -3
-1.25 8 -3.75
-1.25 8 -3.5
-1.25 6.75 -0.75
-1.25 7.25 -1.75
1.5 6.75 -0.5
-1.5 6.5 0.25
1.5 6.75 -0.75
-0.75 6.25 -6.25
-0.75 6.25 -6
-1 0.5 -5
-0.75 6.25 -6.5
-1 0.5 -4.75
1.5 6.5 -0.25
-1.25 6.75 -0.5
-1.5 6.75 0.5
0.75 3.5 0.25
1 2 1
-0.75 5 -3.5
-1.25 7.5 -2.25
-1.25 7 -1.5
-1.25 7.25 -2
-0.75 5 -3.75
1.25 6.75 0.5
0.75 3.25 0.5
1.5 7.25 -2.5
1.25 7 1
0 8.75 3
0 8.75 3.25
-1.25 6.5 -0.75
-1.25 7 -1
-1 1 -5.75
-1.25 6.75 -0.25
1.5 6.5 -0.5
0.75 3.5 0.5
1 1.75 0.5
-1.5 6.75 0.25
1.5 6.75 0
0.75 3.75 1
-1.25 7.25 -2.25
-1.25 7.75 -2.75
-1.25 7.5 -2
-1.25 8 -4
-1.5 6.5 0.75
1.25 6.75 0.25
0.75 3.25 0.25
1.25 7 1.25
1 2.25 1
1 1.75 0.75
-1.25 7 -1.25
-1.25 6.75 0
1.5 6.5 -0.75
0.75 3.75 1.25
-1.25 7.25 -2.5
-1.25 7.5 -1.75
-0.75 6 -6
-1 0.75 -5
1.5 6.75 -0.25
-1.25 6.5 -0.5
-1.5 6.5 0.5
-1 0 -5
-1 0 -4.75
1.5 7.5 -3.25
1.5 7.5 -3
1.25 6.5 1.25
1.25 6.75 1.75
0.75 3.5 1
1 1.75 1
1 2.25 0.75
-0.75 4.75 -1.75
-1.25 6.5 -1.25
-1.25 6.75 -1.5
1.25 7 0.5
0 8 0.75
-1.25 7.25 -2.75
-1.25 8 -4.5
-1.25 8 -4.25
-1.5 6.5 1.25
-1 1.25 -5.75
0.75 3.75 0.5
-1.25 7 -0.5
-1.5 7 0.5
0 9.5 3.25
1.5 7.25 -2.75
1.25 7 0.75
1.25 6.75 1.5
0.75 3.5 1.25
-0.75 4.75 -2
-1.25 6.5 -1
-1.25 7 -0.75
-1 1.5 -5.5
-1 1.5 -5.25
1 2.25 0.5
-1.25 7.5 -3.25
-1.25 7.5 -3
-1.25 7.75 -2.5
-1.5 6.5 1
0 8 0.5
-1 0 -4.5
0 9.25 3.25
-0.75 4.75 -2.25
-1.5 6.75 1.25
-0.75 5.75 -6
1.25 6.75 1.25
1.25 6.5 1.75
1 2 0.75
-1.25 7.25 -3
-1.25 6.5 -1.5
-1.25 6.75 -1.25
-1.25 7 0
-1.25 8 -5
-1.25 8 -4.75
-1 1.25 -5.5
-1 1.25 -5.25
-1 0.25 -4.75
-1 0.25 -5
0 8 0.25
0 9.5 3.5
1.5 7.25 -3.25
1.5 7.25 -3
0 9.5 3.75
-0.75 5.25 -3.5
-1.5 6.5 1.5
-1.5 6.75 1
-1 1.5 -5.75
1.25 7 0.25
1.25 6.5 1.5
1.25 6.75 1
0.75 3.25 1
-1.25 7.5 -2.75
-1.25 6.75 -1
-1.25 7 -0.25
1 2 0.5
0.75 3.75 0.25
-1.5 7 0.25
1.5 6.5 -5.25
1.5 7.5 -4
1.5 6.5 -5.5
1.5 6.75 -5.75
1 1 0.75
0.25 6.5 -7
-0.75 5 -2
-1.25 7.75 -5
-1.25 7.75 -4.75
-0.75 3.5 -5.5
-0.75 3.5 -5.25
-1 2.25 -6
0 8.5 6
0 8.5 6.25
1.5 7.25 -3.75
1.5 7.25 -3.5
1.5 7.75 -5
1.5 7.75 -4.75
0 6.5 3.5
0 6.5 3.75
1 1.25 1
-0.75 5.25 -3.25
-0.75 5.25 -3
-1.25 6.75 -5.75
-0.75 3.25 -5.75
0 7.5 1.25
0.75 5 2
-0.75 5 -1.75
-1 1.75 -5.75
1 1 0.5
0 9 5.25
0 9 5.5
1.5 7.5 -3.75
1.5 7.5 -3.5
0 7.5 1.5
1.5 6.5 -5.75
0.25 6.75 -7
0.25 6.75 -6.75
-0.75 3.75 -6
-1 2 -6
1.5 6.75 -5.5
1.5 6.75 -5.25
0 7.75 0.75
1 1.5 1
-0.75 5 -2.5
-1.25 7.75 -4.5
-1.25 7.75 -4.25
-1.25 7 -6
-0.75 3.5 -5.75
-0.75 4.5 -4.25
0 9.5 4.5
1.5 7.25 -4
1.5 7.75 -4.5
1.5 7.75 -4.25
0 7.5 1.75
-0.75 5.25 -2.75
-0.75 4.25 -4
-0.75 3.25 -5.5
0 6.75 3.75
-0.75 5 -2.25
-1.25 7.5 -3.5
-1.25 6.5 -5.75
-1 1.75 -5.25
0 7.75 0.5
0 8.25 5.75
0 9.25 5.25
0 9.25 5.5
1.5 7.5 -5
1.5 7.5 -4.75
-0.75 5.25 -2.5
-0.75 3.75 -5.75
-0.75 4.75 -3.75
-0.75 4.75 -3.5
-1 2 -5.75
0 7.75 1.25
-1.25 7.75 -4
-1.25 7 -5.75
-0.75 3.5 -6
-0.75 3.5 -6.25
-0.75 4.5 -4
-1 2.25 -5.5
-1 2.25 -5.25
1 1.5 0.5
0 9.5 4.75
0 9.5 5
1.5 7.25 -4.25
1.5 7.25 -4.5
1.5 7.75 -4
1.5 7 -5.75
-0.75 4.25 -4.5
-0.75 4.25 -4.25
0 7.75 1
0.75 5.5 2.25
1 1.5 0.75
-0.75 5 -2.75
-1.25 7.5 -5
-1.25 6.5 -6
-0.75 4 -4.75
-0.75 4 -5
0 8.25 6
0 9.25 5
1.5 7.5 -4.5
1.5 7.5 -4.25
0 7.75 1.75
0.75 5.25 2.25
0 7 3.75
1 1.25 0.75
-0.75 3.75 -5.5
-0.75 3.75 -5.25
-0.75 4.75 -4
-1 2 -5.25
-1 2 -5.5
0.75 5.5 2.5
-1.25 7.75 -3.5
-1.25 7.75 -3.75
-1.25 8 -3.25
-1.25 8 -3
-0.75 4.5 -3.75
-1 2.25 -5.75
1.5 7.75 -3.75
1.5 7.75 -3.5
1.5 7 -5.5
1.5 7 -5.25
1.5 7.25 -5
1.5 7.25 -4.75
0 7.75 1.5
0.75 5.25 2
-1.25 6.75 -6
-0.75 4.25 -4.75
-0.75 3.25 -6
-0.75 3.25 -6.25
1 1.25 0.5
1 1 1
0.25 7 -7
0.25 7 -6.75
-0.75 5 -3.25
-0.75 5 -3
-0.75 4 -4.5
0 8.25 4.75
0 8.25 5
1.5 6.5 -3.5
1.5 6.5 -3.75
0.75 5.75 2.5
0.75 6.25 3
0.75 6.25 3.25
1 0.25 0.75
-0.75 3.75 -5
-0.75 3.75 -4.75
-0.75 4.75 -6
-1 3 -6
-1 3 -6.25
-1.5 9.5 3.5
-1.5 9.5 3.75
0.75 5 0.25
1.5 6.75 -4
1 0.5 1
1.25 9.5 3.75
1.25 9.5 3.5
-1.25 7.25 -5.5
1.5 7 -5
1.5 7 -4.75
1.5 7.25 -5.5
1.5 7.25 -5.25
0.75 5.75 2.75
-0.75 4.25 -5.5
-1 2.5 -5.75
1 0.25 0.5
0.25 7.25 -6.75
-0.75 5 0
-1.25 7.5 -5.75
-0.75 4 -5.75
-1 2.75 -5.5
-1 2.75 -5.25
0 8.25 5.5
0 8.25 5.25
1.5 6.5 -4
1.5 7.5 -5.25
0 7.75 2.75
1.5 7.5 -5.5
1 0.75 1
1 0 0.75
1.5 6.75 -3.75
1.5 6.75 -3.5
0.75 6 3
0.5 5.75 -6.75
0.25 7.5 -6.75
-1.25 7.25 -5.75
-0.75 4.5 -6
1.5 7 -4.5
1.5 7 -4.25
0 7.75 2.5
0.75 5.75 2.25
1.5 7.25 -5.75
-0.75 4.25 -5.75
-1 2.5 -5.5
-1 2.5 -5.25
1.25 9.25 3.75
-1.25 7.5 -5.25
-1.25 7.5 -5.5
1 0 0.5
0 8.75 6
0 9 5.75
1.5 6.5 -4.5
1.5 6.5 -4.25
0 7.5 2
0 7.75 3
0 8 4.25
-0.75 5 -1.25
-1 3 -5.5
-1 3 -5.25
1 0.75 0.5
1 0 1.25
1.5 6.75 -4.75
1.5 6.75 -5
0.75 6 2.75
-0.25 9.75 3.75
-1.25 7.25 -6
-1.25 7.75 -5.75
-0.75 4.5 -5.75
1.5 7 -4
0 7.5 2.25
1 0.75 0.75
-0.75 4.25 -6
1 0 1
0.75 6 2.5
0.5 6.25 -6.75
0.5 6.25 -7
-1 2.75 -6
-1 2.75 -6.25
0 8.25 4.25
0 8.25 4.5
0 8.75 5.75
1.5 6.5 -5
1.5 6.5 -4.75
0 7.5 2.5
0.75 6.25 2.75
1 0.25 1.25
-0.75 4.75 -5.75
1.5 6.75 -4.5
1.5 6.75 -4.25
0.75 5 1.75
-0.75 5 -1.5
-1.25 7.75 -5.25
-1.25 7.75 -5.5
-0.75 4.5 -5.5
1 0.5 0.5
1.5 7 -3.75
1.5 7 -3.5
0 7.5 2.75
0.5 6 -7
0.5 6 -6.75
1 0.25 1
-1 2.5 -6
1 0.5 0.75
-1.25 7.5 -6
-0.75 4 -6
1.25 4.5 1.25
1.25 4.75 1.75
-0.75 7.75 -1.25
-1.5 4.25 0.5
0.75 9 4
0.75 8.75 4.25
0.75 8.75 4.5
1.5 5.75 -3.75
1.5 5.75 -3.5
0.75 7 3
0.75 7 3.25
0 5.25 2.75
0.5 6.75 -6.75
0.5 6.75 -7
-1.5 4.5 1.25
-1.25 5 -5.75
1.25 4.25 0.5
0.75 6.75 2.25
1.25 4.75 1.5
1.5 6 -4.5
-1.25 5.75 -3.75
-1.25 5.75 -3.5
-0.75 7.75 -1
-1.5 4.25 0.75
0.75 7.5 0.25
1.25 4 0.25
1.5 6.25 -5
1.5 6.25 -4.75
0.75 6.5 2.75
0 5.25 2.5
-0.75 8.25 -5.25
-1.5 4.5 1
-1.5 4.75 1.5
-0.75 8 -5.75
-0.75 8.25 -5.5
0.75 6.75 2.5
0 5.5 2.5
0.5 6.5 -7
0.5 6.5 -6.75
-1.5 4.75 1.25
0.75 7.5 0.5
1.25 4 0.5
0.75 8.75 4
0.75 9 4.25
0.75 9 4.5
0.75 9.25 4.75
0.75 7 3.5
1.25 4.75 1.25
0 5.25 2.25
1.5 5.75 -4
-0.75 7.75 -1.5
-1.25 5 -5.5
-1.5 4 0.5
1.5 6 -5
1.5 6 -4.75
0.75 7.5 0.75
0.75 6.75 2.75
0 5.5 2.75
1.5 5 -5.5
1.5 5 -5.25
-1.5 4.75 1
1.5 6.25 -4.5
1.5 6.25 -4.25
1.25 4.5 1.5
-1.5 4 0.75
-0.75 8 -5.5
-0.75 8 -5.25
1.25 4.25 0.25
0.75 7.5 1
1.25 4 1
1.25 4.25 1.5
0 5 2.25
-1.5 4.75 0.75
-1.25 5.25 -5.5
0.75 7.75 0.25
1.25 4.5 0.25
0.75 9.25 4.25
0.75 9.25 4.5
0.75 9 4.75
0.75 7.25 1.75
0.75 7 2.25
1.5 5.75 -4.5
1.5 5.75 -4.25
-1.5 4 1
-0.75 7.75 -0.25
1.5 6 -3.75
1.5 6 -3.5
0.75 7.5 1.25
0.75 6.75 3
0.75 6.75 3.25
1.25 4 1.25
0 5 2
0 5.5 3
0.5 7 -6.75
-1.5 4.75 0.5
0.75 9.5 4
0.75 7.25 1.5
0.75 7 2
0.75 6.5 3.5
1.5 5.25 -5.5
1.5 5.25 -5.25
-0.75 7.75 0
-1.5 4 1.25
-1.25 5.5 -5.75
1.25 4.75 0.5
0.75 7.75 0.75
0.75 7.25 1.25
1.5 5.5 -5.5
1.5 5.5 -5.25
-0.75 7.75 -0.75
-1.5 4.25 1
-1.25 5.25 -5.75
0.75 9.25 4
0.75 8.75 4.75
0.75 7.5 1.5
0.75 7 2.75
1.25 4 1.5
1.5 5.75 -5
1.5 5.75 -4.75
-1.5 4.5 0.75
1.25 4.75 0.25
0.75 6.75 3.5
1.5 6 -4
-1.5 4.25 1.25
0.75 7.75 0.5
1.25 4.5 0.5
0.75 9.5 4.25
1.5 6.25 -3.5
0.75 7.5 1.75
0.75 6.5 3
0.75 6.5 3.25
0.75 7 2.5
1.25 4.25 1.25
-1.25 5.5 -5.5
-0.75 8 -6
-0.75 7.75 -0.5
-1.5 4.5 0.5
1.25 3.5 0.75
0.25 5.75 -6.75
1.5 5.5 -5
1.5 5.5 -4.75
0.5 7.5 -6.75
0.75 8.25 4
0.75 7.25 2.75
0.75 7.75 3.25
1.25 3.75 1.25
1.5 5.75 -5.5
1.5 5.75 -5.25
-1.5 3.5 0.75
-1.25 5 -4
-1.25 6 -6
1.5 5 -4
-1.5 3.75 1
-1.25 5.75 -5.5
1.25 3.5 0.5
0.75 7.25 2.5
1.25 3.75 1
1.5 5.25 -4.5
1.5 5.25 -4.25
-0.75 8.25 -3.75
-0.75 8.25 -3.5
-1.5 3.5 0.5
1.25 3.25 0.25
1.5 5.5 -4.5
1.5 5.5 -4.25
1 9.75 4
-1.25 6.25 -6
1.25 3.5 0.25
0.75 7 1.75
0.75 7.25 2.25
0.75 7.75 3.5
0.75 7.75 3.75
0.75 8 4
-0.75 8.5 -4.5
-0.75 8.5 -4.25
-1.25 5 -3.75
1.25 3.25 0.5
0.5 7.25 -6.75
-1.5 3.25 0.75
-1.25 5.75 -5.75
0.75 7.25 2
1.25 3.25 0.75
0 5.75 3
0 5.75 3.25
1.5 5.25 -5
1.5 5.25 -4.75
-0.75 8.25 -4
0 6 3.5
1.5 5.5 -4
1 10 4
-1.5 3.25 1
-1.25 6.25 -5.75
-1.25 5.25 -3.75
-1.25 5.25 -3.5
0.75 7.25 3.5
1.25 3.25 1
0 6.25 3.25
0.75 7.25 3.75
-0.75 8.5 -4
-1.25 6 -5.5
1.25 3.75 0.25
1.5 6 -5.5
1.5 6 -5.25
1.5 5 -5
1.5 5 -4.75
0.75 8.5 4.25
0.75 8.5 4.5
0.75 7.5 3.25
1.25 3.25 1.25
0 5.75 2.75
0.25 6 -7
0.25 6 -6.75
1.5 6.25 -5.75
-0.75 7.75 -1.75
-0.75 8.25 -4.5
-0.75 8.25 -4.25
-1.25 5.5 -4
1.25 3.5 1.25
0 6 3
0 6 3.25
1.5 5.5 -3.75
-1.5 3.75 0.75
-1.25 5.25 -4
0.75 7.25 3
0.75 7.25 3.25
0 6.25 3.5
-0.75 8.5 -3.75
-0.75 8.5 -3.5
-1.25 5 -4.25
-1.25 6 -5.75
1.25 3.5 1
1.5 5 -4.5
1.5 5 -4.25
1.5 6 -5.75
0.25 6.25 -7
-0.5 9.75 3.75
-1.5 3.75 0.5
0.75 8.5 4
1.5 6.25 -5.5
1.5 6.25 -5.25
0.75 7.5 3.5
0.75 7.5 3.75
1.5 5.25 -4
-1.25 5.5 -3.5
-0.75 8.25 -5
-0.75 8.25 -4.75
-1.5 3.5 1
-1.25 5.5 -3.75
1.25 3.75 0.5
1.25 6.25 1.5
1.5 3.5 -5.75
1.5 4.5 -4.5
-1.25 6 -1
-1.25 3.25 -5.5
-1.25 3.25 -5.25
-1.25 5.75 -0.25
-1.5 5.75 0.25
1.5 5.75 0
1.5 3.75 -6
1.5 4.75 -5
1.5 4.75 -4.75
-0.75 8 -2.5
-0.75 8.5 -3.25
-0.75 8.25 -2
-1.5 6 1
-1.5 6.25 1.5
0 4.5 0.5
1.25 6.25 1.75
-1.25 6 -1.25
-1.25 6.25 -1.5
-1.25 3.75 -6.25
-1.25 3.75 -6
-0.5 9.75 4
0.75 8.5 3.75
0.75 8.5 3.5
0 4.5 0.75
-0.75 8 -2.25
-1.25 5.5 -3.25
-1.25 5.5 -3
-1.5 6 1.25
-1.5 6.25 1.75
-0.75 7 -6.25
-1.25 3.5 -5.75
-1.25 4.5 -4.5
-1.25 4.5 -4.25
-1.75 10 3.5
-1.75 10 3.75
-0.75 7 -6.5
1.5 5.75 -0.25
1.5 3.5 -5.5
1.5 4.5 -5
1.5 4.5 -4.75
1 10 3.75
-1.5 5.75 0.75
-1.5 6.25 1
-1.5 6 1.5
-1.25 3.25 -5.75
1.5 4.75 -4.5
1.5 4.75 -4.25
-0.75 8.25 -2.5
-0.75 8 -2
-1.25 5.75 -0.75
-1.25 6.25 -1
1.5 5.75 -0.5
1.5 5.75 -0.75
-1.5 6.25 1.25
-1.5 6 1.75
-1.25 4.75 -4.5
-1.25 4.75 -4.25
-0.5 9.75 4.25
-1.25 5.75 -0.5
-1.5 5.75 0.5
1.25 6 1.75
-1.75 10.25 3.5
-0.75 8.25 -2.25
-0.75 8 -1.75
-1.25 6 -1.5
-1.25 6.25 -1.25
-1.25 3.5 -5.5
-1.25 3.5 -5.25
-1.25 4.5 -4.75
-1.75 10.25 3.75
0 4.5 0.25
1.5 6.25 -0.75
0 4.5 1.5
1.25 5.25 2
1 9.75 3.75
-1.5 5.75 1.25
-0.75 6.75 -6.25
-1.25 4.25 -5
-1.25 4.25 -4.75
-1.25 3.25 -6.25
-1.25 3.25 -6
-0.75 6.75 -6.5
1.5 6 -0.25
-1.25 6.25 -0.5
-1.5 6.25 0.5
0.75 8 3.5
0.75 8 3.75
1.5 3.75 -5.5
1.5 3.75 -5.25
-1.25 5.5 -2.5
-1.25 5.75 -1.25
-1.25 4 -4.5
1.5 6 0
-1.5 6.25 0.75
-1.5 5.75 1
-1.25 3.75 -5.5
-1.25 3.75 -5.25
-1.25 4.75 -4
1.5 4.25 -5
1.5 4.25 -4.75
-0.75 8.25 -2.75
-1.25 5.5 -2.25
-1.25 5.75 -1
-1.25 6.25 -0.75
1.5 6.25 -0.5
-1.5 6 0.25
1.25 5.75 1.75
1.5 3.5 -6
-1.25 5.75 -1.5
-1.25 4.25 -4.5
-1.25 4.25 -4.25
0.75 8.25 3.75
1.5 6 -0.75
0 4.5 1
0 4.75 1.5
1.5 3.75 -5.75
0.75 8.25 3.5
-1.25 5.5 -2
-1.5 5.75 1.75
-0.75 6.5 -6.25
-1.25 4 -5
-1.25 4 -4.75
-0.75 6.5 -6.5
1.5 6.25 -0.25
-1.25 6 -0.5
-1.5 6 0.5
1.5 4 -5
-1.25 6 -0.75
-1.25 3.75 -5.75
1.5 6 -0.5
-1.5 6.25 0.25
1.5 6.25 0
0 4.5 1.25
0 4.75 1.75
1.25 5.5 2
-0.75 8.25 -3.25
-0.75 8.25 -3
-0.75 8 -2.75
-1.25 5.5 -1.75
-1.5 6 0.75
-1.5 5.75 1.5
-1.25 3.5 -6.25
-1.25 3.5 -6
1.25 5.75 2.25
-0.75 8 -0.75
-1.25 5.75 -2
-1.5 5.25 1
-1.5 5.5 1.75
-1.25 4.25 -5.75
1.25 5 0.5
1.25 5.5 1.75
0 4.75 2
0.75 9.25 3.75
0.75 9.25 3.5
-1.25 6 -2.75
-1.25 5.25 -1
-1.25 5.5 -1.5
-1.25 4 -5.25
-1.5 5 0.5
1.5 6 -2.75
1.25 5.75 2
1.5 4 -5.5
1.5 4 -5.25
-1.25 5.75 -1.75
-1.5 5.25 1.25
-1.5 5.5 1.5
1.5 6.25 -3.25
1.5 6.25 -3
1.25 5.5 1.5
1.5 4.25 -5.75
-1.25 5.25 -1.25
-1.5 5 0.75
-0.75 7.75 -6
1.25 5.25 1.5
-1.25 5.75 -2.5
-1.25 5.5 -1.25
-1.25 6 -3.25
-1.25 6 -3
-1.25 5 0
-1.5 5.25 1.5
-1.5 5.5 1.25
-1.25 4 -5.75
1.5 6 -3.25
1.5 6 -3
1.25 5.25 1.75
1.5 4 -5.75
-1.25 5.75 -2.25
-1.25 5.5 -1
-1.25 3.75 -5
1.25 5 0.25
1.5 6.25 -2.75
1.5 4.25 -5.5
1.5 4.25 -5.25
0.75 9.5 3.75
-1.5 5.5 1
-1.25 5 -0.25
1.5 4.5 -5.5
1.5 4.5 -5.25
-1.25 6.25 -2.25
-1.25 5.5 -0.75
-1.25 5.25 0
-1.5 5 1.5
0.75 8.75 3.5
0.75 8.75 3.75
1.5 6.25 -2.5
1.25 6 2
1.25 5 1.5
-0.75 8 -1.5
-1.25 6 -1.75
-1.5 5.5 0.75
-1.25 4 -6
-0.75 7.5 -6.25
-0.75 7.5 -6
-1.25 5.75 -2.75
-1.25 6.25 -2.5
-1.25 4.75 -5.75
-1.25 5.25 -0.25
1.25 5.5 0.5
1.25 6 2.25
1.25 5 1.75
-1.25 6 -2
-1.25 4.5 -5.5
-1.25 5.5 -0.5
-1.5 5.5 0.5
1.25 5.25 0.25
1.5 6 -2.5
1.5 5.5 0
1.25 6.25 2
1.5 4.5 -5.75
-0.75 8 -1.25
-1.25 6.25 -1.75
-1.25 4.25 -6
-1.25 5.25 -0.5
-1.5 5.25 0.5
1.25 5.5 0.25
0.75 9 3.75
0.75 9 3.5
1.5 5.75 -3.25
1.5 4.75 -5.5
1.5 4.75 -5.25
-1.25 6 -2.25
-1.5 5 1
-1.25 5.5 -0.25
1.25 5.25 0.5
-1.5 5.5 0.25
1.25 6.25 2.25
-1.25 5.75 -3.25
-1.25 5.75 -3
-0.75 8 -1
-1.25 6.25 -2
-1.5 5.25 0.75
-1.25 4.75 -5.5
1.5 5.5 -0.25
-1.25 6 -2.5
-1.25 5.25 -0.75
-1.25 5.5 0
-1.5 5 1.25
-0.75 7.25 -6.25
-0.75 7.75 -5.75
-1.25 4.5 -5.75
-0.75 7.25 -6
-0.75 7.25 -6.5
0.5 8.5 -4.75
0.5 8.5 -5
-0.5 8.5 5.5
-0.5 8.5 5.25
-1 8 -2.25
-0.5 7.5 2.25
-0.5 7.25 2.5
-0.25 6.25 3.5
-1 7 -6.25
-1 7 -6
1.25 1 0.5
1.25 1.25 1
0.75 10 3.75
-0.25 6 3
-0.25 6 3.25
1.25 1 0.75
-0.5 8.25 4
-1 8 -2.5
-0.5 7.5 2
-0.5 7.25 2.75
-0.5 7.75 3
-0.5 7.75 3.25
-1.25 1.75 -5.5
-1.25 1.75 -5.25
0.5 8.5 -4.5
0.5 8.5 -4.25
-0.5 8.5 4.75
-0.5 8.5 5
-1 8 -1.75
-0.5 7.25 2
-0.5 7.5 2.75
-0.25 6.25 3.25
-1.25 2.25 -6
1.25 1.5 1
-0.5 8.25 4.5
-0.5 8.25 4.25
-0.5 8.75 5.75
-1 8 -2
-0.5 7.25 2.25
-0.5 7.5 2.5
-0.5 7.75 3.5
-0.25 5.75 2.75
-0.5 7.75 3.75
-0.5 8 4
-1.25 1.75 -5.75
0.5 8.5 -4
0.25 4.75 -5.75
1.25 1.5 0.75
-0.5 8.5 4.5
-0.5 8.5 4.25
-1 8 -3.25
-1 8 -3
-1 8.25 -2.75
-0.5 7.5 3
-0.5 7.5 3.25
-1.25 2.25 -5.75
0.25 4.5 -5.25
0.25 4.5 -5.5
-0.25 5 1.75
-1.25 2 -5.5
-1.25 2 -5.25
0.5 8.25 -4.5
-0.5 8.25 4.75
-0.5 8.25 5
-0.25 5.75 3
-0.5 7.25 3.5
-0.5 7.25 3.75
1.25 1.5 0.5
-1 6.75 -6.25
-1 6.75 -6
0.5 8.5 -3.75
0.5 8.5 -3.5
0.25 4.75 -5.5
0.25 4.75 -5.25
1.25 1 1
-0.5 8.5 4
-1 8.25 -3.25
-1 8.25 -3
-1 8 -2.75
-0.5 7.5 3.75
-1.25 2.25 -5.5
-1.25 2.25 -5.25
0.75 9.75 3.75
-1.25 2 -5.75
1.25 1.25 0.5
0.5 8.25 -4.75
0.5 8.25 -5
-0.5 8.25 5.25
-0.5 7.25 3
-0.5 7.75 2.75
-0.5 7.25 3.25
-1 6.5 -6.25
-1 6.5 -6
1.25 1.25 0.75
0.25 4.75 -4.75
0.25 4.75 -5
-0.5 9.5 4.75
-1 7.75 -6
-0.75 6.75 -6.75
0.25 4.5 -4.5
0.25 4.5 -4.25
-0.5 7.75 1
1.25 0.25 0.5
1.75 6.75 -3.75
0.5 8.25 -5.25
0.5 8 -5.75
0.5 8.25 -5.5
1.25 0.5 1
1 9.5 3.75
-0.5 8.75 4.5
-0.5 9.25 5.25
-0.5 7 3
-1 7.5 -5.5
-1.25 2.75 -5.75
1.75 6.5 -4
1.25 0.25 0.75
-1.25 2.5 -5.5
0.25 4.75 -4.5
0.25 4.75 -4.25
1 9.25 3.75
0.25 4.5 -5
0.25 4.5 -4.75
-0.5 7.5 0.75
-0.25 5 2.25
-1.25 3 -6.25
-1.25 3 -6
-0.75 6.5 -6.75
1.25 0 0.75
1.75 6.75 -4
0.5 8 -5.5
0.5 8.25 -5.75
-0.5 9.25 4.75
-0.5 9.25 5
-0.5 7 3.5
-0.5 7 3.75
-1 7.5 -5.75
-1.25 2.75 -5.5
1.75 6.5 -3.5
1.75 6.5 -3.75
1.25 0.75 1
-0.25 5 2
-0.25 5.5 3
-1.25 2.5 -5.75
1.25 0 1
0.25 4.75 -4
-0.5 9.5 4
-0.5 7.25 1.5
-0.25 5.25 2.25
-0.5 6.5 3.5
-1 7.75 -5.5
-1 7.75 -5.25
0.5 7.75 -0.25
1.25 0.75 0.75
-0.5 7.5 1.25
-0.25 5.5 2.5
-1.25 3 -5.75
0.5 7.75 0
1.25 0 1.25
-0.5 9.25 4.25
-0.5 9.25 4.5
-0.5 8.75 5.5
-0.5 9 4.75
-0.5 9 5
-0.5 8.75 5.25
-0.5 7.25 1.75
-0.25 5.25 2
-1 7.5 -6
0.25 5 -3.25
0.25 5 -3
-0.5 7.5 1
-0.25 5.5 2.75
-1.25 2.5 -6
1.25 0.75 0.5
-0.5 7.75 0.25
1.25 0.5 0.75
-0.5 9.5 4.25
-0.5 9.5 4.5
-0.5 8.5 5.75
-0.5 7.5 1.75
-0.5 6.5 3.25
-1 7.25 -6.25
-1 7.25 -6
-1 7.75 -5.75
0.5 7.75 -0.75
1.25 0.25 1
-0.5 6.75 3.5
-0.5 6.75 3.75
-1.25 3 -5.5
-0.5 7.75 0.5
0.5 8 -6
-0.5 9 5.25
-0.5 8.75 4.75
-0.5 8.75 5
-0.5 9 5.5
-0.5 7.5 1.5
-0.5 7 2.75
-0.25 5.25 2.5
-1.25 2.75 -6
0.5 7.75 -0.5
1.25 0.5 0.5
0.25 5 -2.75
1.75 6.5 -4.25
1.25 0.25 1.25
-0.5 7.75 0.75
-0.25 5.5 2.25
0.25 4.75 -3
1 6.5 2
-1 8.25 -5.25
-1 8 -5.75
-1 7.5 -0.25
-1 7.25 -0.5
0.5 8 -0.75
1 6.75 2.5
1.25 2.75 0.75
-1 7.75 -1
-1.25 0 -5.25
1 7.5 0.5
1 7.25 0.25
1 6.5 2.25
0.5 7.75 -6.25
0.5 7.75 -6
0.5 7.75 -6.5
-0.5 9.25 3.5
-1 7.5 0
-0.5 9.25 3.75
0.5 8 -0.5
0.25 5 -4
1 7.5 0.75
1 6.75 2.75
0.25 6 -6.5
0.25 6 -6
-1 7.25 -0.75
-1 7.75 -1.25
1.25 2.75 0.5
0.25 4.75 -2.75
1 6.5 2.5
1.25 3 1
1.25 2.5 0.75
0.25 5.75 -5.75
-0.5 9.5 3.75
-0.5 9.5 3.5
-1 7.25 0
-1 8 -5.25
-1 8 -5.5
-1.25 1.25 -5
-1.25 0.25 -5.25
0.5 8 -0.25
1 7.25 0.75
1 6.75 2
-1 7.5 -0.75
-1.5 3 1
0.5 8 0
1 6.5 2.75
0.25 6.25 -6.5
0.25 6.25 -6.25
0.25 6.25 -6
-0.5 9.25 3.25
-1 7.75 -1.5
-1 7.25 -0.25
1.25 2.5 0.5
-1 7.5 -0.5
0.25 5 -3.75
0.25 5 -3.5
1 6.75 2.25
1 7.25 0.5
1 7.5 0.25
0.25 4.75 -2.25
0.5 8 -1.5
0.5 7.5 -6.25
0.5 7.5 -6
0.5 7.5 -6.5
0.25 5.75 -6
-1 7.75 0
1.25 3 0.5
0.25 4.5 -1.75
1 7.25 1.25
-1 7.5 -1.25
-1.25 1 -5
0.25 4.75 -2.5
1 6.5 3
1.25 3 0.75
1.25 2.5 1
-0.5 9 3.25
-0.5 8.75 3.5
-1 7.75 -0.25
1 7.25 1
0.25 5 -5
0.25 5 -4.75
-1 7.5 -1
-1.5 3 0.75
-1.25 0.5 -5.5
-1.25 0.5 -5.25
0.5 8.25 -1.5
0.25 4.75 -1.75
1 7.25 1.75
1 7 2.25
-1 7.5 -1.5
-0.25 4.75 2
-1 7.75 -0.5
0.5 8 -1.25
1 7.5 1
-1 7.25 -1
1 7.75 0.25
0.25 4.75 -2
1 7 2
1 7.25 1.5
1 9.5 4
0.5 7.25 -6.25
0.5 7.25 -6.5
-0.5 9 3.5
-1.25 0.75 -5.5
-1.25 0.75 -5.25
-0.5 8.75 3.25
0.5 8 -1
1 7.5 1.25
1.25 2.75 1
0.25 5 -4.25
-1 7.25 -1.25
-1 7.75 -0.75
0.5 8.5 -3.25
0.5 8.5 -3
0.5 8.25 -2
0.25 4.5 -1
1 7 1.75
1.25 2 1
-1 8.25 -3.75
-1 8.25 -3.5
-1 7.75 -2.75
-1 7.5 -2
-1 8 -4
-0.25 4.5 1
-0.25 4.75 1.5
-0.5 7.5 4
-0.5 8.5 3.5
0.75 9.75 4
0.5 8.25 -1.75
0.25 4.5 -1.25
0.25 4.75 -1.5
1 7 1.5
0.5 7 -6.25
0.5 7 -6.5
-1 7.5 -1.75
-0.25 4.5 1.25
-0.25 4.75 1.75
-1.25 0.75 -5
0.25 5 -5.75
0.5 8.25 -2.5
0.5 8.5 -2.75
0.5 8 -2
-1 7.5 -2.5
-1 7.75 -3
-1 7.75 -3.25
-1 8 -3.75
-1 8 -3.5
-1 8.25 -4
-0.5 8.5 3.25
0.25 4.75 -1
1 7 1.25
1.25 1.75 0.75
1.25 2.25 1
0.75 9.75 4.25
-0.25 4.5 1.5
-1.25 1 -5.5
-1.25 1 -5.25
0.5 8.25 -2.25
0.5 8 -1.75
-1 7.5 -2.25
-0.5 7.25 4
0.25 4.5 -1.5
0.25 4.75 -1.25
1 7 1
0.25 5 -5.5
0.25 5 -5.25
-0.25 4.75 1.25
-1.25 0.5 -5
-1.25 0.5 -4.75
1.25 1.75 0.5
-1 7.75 -1.75
-1 8.25 -4.5
-1 8.25 -4.25
-1 8 -5
-1 8 -4.75
-1.25 1.25 -5.5
-1.25 1.25 -5.25
-1.25 0.25 -5
-1.25 0.25 -4.75
0.25 4.5 0
1 6.75 1.5
0.5 6.75 -6.25
0.5 6.75 -6.5
0.25 5.5 -5.75
-1.25 0 -4.5
1.25 2.25 0.5
-0.25 4.75 0.5
0.5 8.25 -2.75
-1 7.75 -2
-0.5 8.25 3
-0.5 8.25 3.25
-0.5 8 3.5
-0.5 8 3.75
-0.5 7.75 4
-0.25 4.5 0.25
1 6.75 1.75
1.25 2.25 0.75
1.25 1.75 1
-1.25 1.5 -5.75
0.25 4.5 -0.25
0.5 6.5 -6.25
0.5 6.5 -6.5
-1 7.75 -2.25
-1 8.25 -5
-1 8.25 -4.75
-1 8 -4.25
-1 8 -4.5
-1.25 1.25 -5.75
1.25 2 0.5
-0.25 4.5 0.5
0.75 10 4
-1.25 0 -5
-1.25 0 -4.75
0.25 4.5 -0.5
0.5 8.25 -3.25
0.5 8.25 -3
0.25 4.5 -0.75
0.25 5.25 -5.75
1.25 2 0.75
-1 8.5 -3.75
-1 7.75 -2.5
-0.5 8 3
-0.5 8 3.25
-0.5 8.25 3.5
-0.25 4.5 0.75
0.25 4.75 -0.25
-1.25 1.5 -5.5
-1.25 1.5 -5.25
-0.25 4.75 0.25
