
0 -16 34
-8 -8 34
-4 -12 34
2 -2 36
6 -6 34
-2 2 36
-8 8 28
-4 8 16
8 -2 8
-8 -16 18
-6 -12 10
2 -18 14
8 -8 28
8 -8 30
8 -12 16
-10 -2 20
10 -10 48
10 -10 50
20 -20 42
20 -20 44
-10 -14 46
0 -2 4
0 -14 32
-4 -10 32
-6 4 32
-8 0 10
6 -14 10
6 -16 14
-4 -18 22
8 -10 20
-8 -14 22
-8 2 14
10 -12 46
16 -22 44
-10 -16 48
-24 -22 38
-24 -22 40
-2 -10 4
-4 -16 28
-4 -16 30
4 -16 32
-4 4 12
0 -2 6
8 -2 10
2 8 10
-6 -8 6
-6 -12 8
2 -16 6
8 -12 18
10 2 22
-10 -2 22
12 -16 48
-2 -12 2
-2 4 38
-4 10 28
6 4 30
-4 0 6
6 -14 8
-4 -18 20
8 -10 22
10 0 18
-8 -14 20
-10 -4 24
-10 -4 26
-8 2 12
2 -8 46
12 -14 46
20 -22 40
-14 -16 44
2 -14 2
-4 -12 32
0 -16 32
-8 -8 32
-8 8 26
-6 6 32
-8 8 24
-8 2 10
4 -2 6
8 -6 6
6 -14 14
-8 -16 22
8 -12 20
8 -8 24
8 -8 26
-10 -6 24
-10 -6 26
-10 -2 16
-8 0 14
20 -20 40
-10 -14 48
-10 -14 50
-2 -12 4
0 -14 34
-4 -10 34
-4 -10 36
-2 0 36
-6 4 34
-4 4 10
-4 6 14
2 8 12
-8 -14 18
-4 -18 18
8 -10 16
8 -2 12
10 0 20
-6 -10 10
10 -12 48
10 -12 50
-10 -16 46
2 -14 4
6 6 28
6 6 30
6 -14 12
-8 -16 20
-4 -16 24
-4 -16 26
8 -12 22
-10 -2 18
-8 0 12
6 -10 50
12 -16 46
6 -10 52
16 -20 42
16 -20 44
-4 -14 30
4 -14 32
6 -4 34
-4 10 26
-4 10 24
-4 6 12
2 8 14
-8 -14 16
2 -14 6
8 -10 18
8 -2 14
10 0 22
-6 -12 12
-6 -10 8
2 -8 48
2 -8 50
12 -14 48
16 -18 46
20 -22 42
20 -22 44
-18 -18 44
-2 -10 2
0 8 32
-8 8 22
-4 2 8
2 10 12
-4 -16 20
8 -8 22
8 -6 10
8 -4 12
6 6 16
-8 -16 24
-10 -6 22
2 -10 46
-14 -18 44
-4 -18 28
-4 -18 30
-2 0 38
-4 10 20
4 -4 6
-6 -10 6
2 -14 8
2 -16 12
-10 -4 16
-8 -14 28
12 -18 48
-14 -20 46
-8 -12 32
2 -6 36
6 -2 34
-6 2 34
-2 6 34
-2 6 36
-4 8 26
2 10 14
-4 2 10
4 -2 8
8 -6 8
-4 -16 22
8 -12 24
8 -12 26
8 -8 20
8 -4 14
6 6 18
-10 -6 20
-8 8 20
20 -24 42
0 -6 4
-2 -8 4
-4 10 22
2 -16 14
2 -14 10
8 -10 28
8 -10 30
10 0 24
-10 -4 18
-6 0 32
-2 2 38
0 8 34
-6 -12 6
-4 -16 16
2 -16 8
8 -8 18
6 6 20
6 2 30
-10 -6 18
-6 -8 8
2 -10 48
-24 -24 38
-24 -24 40
4 -6 4
0 -6 2
2 -20 30
2 -4 36
2 12 14
-4 10 16
-4 0 8
-4 2 12
6 8 14
8 -4 8
2 -20 28
-4 -18 24
-4 -18 26
8 -6 14
6 4 16
-10 -4 20
-8 -14 24
-8 -14 26
6 -8 50
6 -8 52
6 -8 48
12 -18 46
0 -4 4
-4 -8 34
-4 -8 36
-4 8 30
-2 6 32
-4 8 28
4 8 32
4 -6 6
-4 -16 18
2 -16 10
8 -12 28
8 -12 30
8 -8 16
10 2 24
6 -2 32
-10 -6 16
-10 -2 24
-6 2 32
-8 4 14
20 -24 40
0 -18 32
-8 -10 32
-2 4 36
-6 0 34
-2 4 34
-4 10 18
-4 0 10
8 -10 24
8 -10 26
8 -6 12
8 -4 10
-10 -4 22
2 -18 30
4 4 32
2 10 20
-4 -16 12
-4 -14 8
2 -18 28
6 -14 24
6 -14 26
8 -8 14
8 0 32
-10 -6 14
-8 0 26
-8 0 24
-8 4 16
22 -24 40
22 -24 38
-8 -8 48
-8 -8 50
-8 -8 52
-22 -24 40
-22 -24 38
-2 -4 4
6 -16 28
6 -16 30
0 2 38
-2 8 34
4 6 34
6 8 18
2 12 18
6 4 12
2 2 8
-6 -6 8
-10 -8 18
-8 2 28
-8 2 30
-8 6 20
4 -8 4
0 -8 2
-2 -18 32
6 -10 32
0 4 36
2 10 22
-2 -4 6
-4 -14 10
-4 -16 14
8 -8 12
-8 4 18
-4 -6 34
-4 -6 36
6 8 16
2 12 16
-4 10 14
6 4 14
2 2 10
4 -8 6
4 -12 8
8 -6 16
8 -2 24
8 -2 26
-10 -8 16
-8 -2 32
-8 6 22
6 -14 28
6 -14 30
0 0 38
4 4 34
4 4 36
-4 -4 34
-4 -4 36
6 10 26
6 10 24
2 10 16
6 6 12
2 0 8
2 -18 24
2 -18 26
8 -4 16
-8 0 28
-8 0 30
-8 4 20
22 -24 42
-14 -18 46
-22 -24 42
-6 -12 30
-4 6 30
-2 8 32
-4 6 28
4 6 32
6 8 22
2 12 22
-6 -2 6
-4 -14 12
2 -16 16
6 -16 24
6 -16 26
8 -8 10
8 2 32
-6 -12 28
-10 -8 22
-8 2 24
-8 2 26
-8 6 16
-4 -10 48
-4 -10 50
-14 -20 44
6 -10 34
2 10 18
-6 -4 8
6 4 10
6 6 14
-8 4 22
6 -12 32
2 -8 36
0 6 34
0 6 36
2 8 28
2 8 30
6 8 20
2 12 20
-4 -14 14
2 -16 18
8 -8 8
8 -2 28
8 -2 30
-10 -8 20
-10 -4 14
-8 -2 34
-8 6 18
0 -8 4
-2 -6 4
-2 -14 34
0 0 36
6 10 22
-6 -4 6
4 -10 6
2 -18 22
-8 0 18
26 -24 38
-2 -16 32
6 -8 32
2 -12 34
2 -12 36
-4 -2 34
-4 -2 36
6 8 26
2 12 26
2 12 24
6 8 24
-6 -2 10
6 2 10
2 6 10
-8 -14 14
6 -16 22
8 -6 26
8 -10 12
8 -2 16
-10 -8 24
-10 -8 26
-8 -6 32
-8 2 22
8 -14 48
22 -22 42
-22 -22 42
-8 -4 34
2 10 28
2 10 30
6 10 20
2 0 6
6 -14 16
2 -18 20
8 -4 28
8 -4 30
-10 -10 18
-8 4 24
-8 4 26
-8 0 16
12 -16 44
16 -20 46
-4 -8 46
-18 -20 42
-18 -20 44
4 -10 4
0 -10 2
2 -16 30
4 2 34
0 6 38
4 2 36
-8 6 28
-6 -2 8
6 -16 20
8 -12 10
8 -10 14
8 -2 18
-8 -14 12
-8 6 30
-8 2 20
16 -18 44
16 -18 42
-8 -10 48
-8 -10 50
-8 -10 52
-14 -16 48
-2 -14 32
2 -10 34
2 -10 36
6 10 18
-4 8 12
6 0 10
2 4 10
2 -18 18
6 -14 22
8 -12 12
6 2 14
-10 -10 20
-8 0 22
0 -10 4
-4 -14 4
2 -12 32
6 -8 34
-8 -6 34
6 8 28
6 8 30
4 -12 6
6 -16 18
8 -6 28
8 -6 30
-8 2 18
22 -22 40
22 -22 38
-22 -22 40
-18 -22 42
-18 -22 44
-22 -22 38
-2 -2 4
4 0 34
4 0 36
0 4 38
2 10 26
2 10 24
6 10 16
-4 8 14
2 6 12
6 0 8
6 2 12
2 4 8
-4 -14 6
2 -18 16
8 -12 14
8 -10 10
8 -4 26
-10 -10 22
-8 -4 32
-8 4 28
-8 4 30
-8 0 20
-4 -8 48
-4 -8 50
-4 -8 52
-8 -12 48
-8 -12 50
-18 -20 40
-2 -2 6
2 2 6
-6 -6 6
6 -16 16
-8 6 24
-8 6 26
-8 2 16
-14 -16 46
4 -12 4
0 -12 2
-2 -14 30
-2 10 26
-2 10 24
-6 10 16
-2 4 8
-2 6 12
-6 0 8
-6 2 12
4 8 12
-2 -18 16
8 0 18
0 -8 46
4 -14 4
0 -14 2
0 8 10
2 -2 6
6 -6 6
-4 -12 6
0 -18 12
0 -16 6
-6 -16 16
8 -14 14
8 2 22
8 -6 32
-8 -10 12
-8 -6 26
-8 -2 16
14 -16 46
-8 -14 48
-2 -10 34
-2 -10 36
2 -14 32
8 -4 34
0 -4 38
-4 0 36
-4 0 34
-6 10 18
-2 4 10
-6 0 10
4 8 14
-2 -18 18
4 -14 6
10 -10 20
8 0 16
8 4 24
8 4 26
-8 -4 28
-8 -4 30
-6 2 14
4 -8 48
4 -8 50
4 -8 52
18 -20 42
18 -20 44
-2 -12 32
-6 -8 34
0 -2 36
-6 8 28
8 6 28
0 -18 14
-6 -16 18
8 -14 12
8 2 20
8 6 30
-8 -12 10
-8 -10 14
-8 -2 18
8 -10 48
8 -10 50
8 -10 52
2 -2 4
-4 -12 4
0 -16 4
-2 10 28
-2 10 30
-6 10 20
-2 0 6
-4 -10 6
0 -14 6
-6 -14 16
-2 -18 20
10 -10 18
8 0 22
-8 -12 12
-8 -10 8
0 -8 48
-2 -16 30
4 -2 34
4 -2 36
8 -6 34
0 -6 38
-2 4 12
6 -2 8
-6 -16 20
8 2 18
-8 -6 28
-8 -6 30
14 -16 48
18 -22 42
18 -22 44
2 -14 34
-6 10 22
0 8 12
6 -4 6
-6 -14 18
0 -20 22
-2 -18 22
8 0 20
8 -4 32
8 4 28
8 4 30
-8 -12 14
-8 -10 10
-8 -4 24
-8 -4 26
4 -8 46
8 -12 48
8 -12 50
18 -20 40
-12 -16 44
-4 -10 4
0 -14 4
-2 -12 34
-6 -8 32
2 -16 32
-4 2 34
-4 2 36
-6 8 26
-2 12 26
-6 8 24
-2 12 24
-2 6 10
-6 2 10
6 -2 10
-6 -16 22
10 -8 24
10 -8 26
8 2 16
8 6 24
8 6 26
-6 -10 34
6 -14 32
4 -4 34
4 -4 36
-4 4 34
-4 4 36
-2 10 18
-6 6 14
6 -4 8
0 -16 14
8 4 16
8 0 24
8 0 26
-8 -8 14
-8 0 32
8 -8 50
8 -8 52
8 -8 48
-26 -24 38
-6 -12 32
-2 -8 36
0 -6 36
-4 6 32
-2 8 28
-2 8 30
4 6 30
-2 12 20
-6 8 20
0 10 14
-2 -16 18
4 -14 12
10 -8 20
10 -4 14
8 6 20
8 2 28
8 2 30
4 -10 48
4 -10 50
2 -6 4
-6 -14 28
-6 -14 30
-6 10 26
-6 10 24
-2 10 16
-2 0 8
-6 6 12
0 -16 12
0 -20 24
0 -20 26
-2 -18 24
-2 -18 26
8 4 18
-8 -8 12
14 -18 46
-16 -20 46
6 -12 30
2 8 32
-6 8 22
-2 12 22
0 10 12
6 -2 6
2 -6 6
-2 -16 16
4 -16 10
4 -14 14
-6 -16 24
-6 -16 26
10 -8 22
6 -12 28
8 6 22
8 -2 32
-8 -6 16
-8 -2 24
-8 -2 26
0 -10 46
14 -20 44
-16 -18 42
-16 -18 44
-6 -10 32
2 -18 32
-4 4 32
-2 10 22
0 12 12
2 -4 6
4 -14 8
4 -16 12
8 4 20
8 0 28
8 0 30
-8 -4 16
-4 6 34
-2 12 16
-6 8 16
-2 2 10
-6 4 14
0 -16 10
10 -8 16
8 6 16
8 2 24
8 2 26
-8 -8 10
-4 -8 4
-2 -18 30
0 -20 30
0 -4 36
0 12 14
-2 10 20
4 -14 10
4 -16 14
0 -20 28
-2 -18 28
10 -6 14
8 4 22
-6 -14 24
-6 -14 26
2 -4 4
-6 -16 28
-6 -16 30
4 -6 34
4 -6 36
0 -2 38
2 8 34
4 10 14
-2 12 18
-6 8 18
-2 2 8
-6 4 12
6 -6 8
-4 -8 6
-4 -12 8
0 -16 8
6 -12 26
10 -8 18
8 6 18
8 -2 34
-8 -8 8
-8 -2 28
-8 -2 30
2 6 32
8 8 22
0 12 16
-2 -16 10
4 -16 16
6 -8 10
10 -6 16
10 -2 24
10 -2 26
6 2 32
-8 -6 10
-8 -4 12
-8 -8 22
-6 -2 32
-10 2 24
-4 -6 4
6 0 34
2 4 36
2 4 34
4 10 16
4 0 8
4 -18 24
4 -18 26
10 -4 22
-12 -18 46
-16 -22 44
8 -12 32
4 -8 34
4 -8 36
2 2 38
-2 -2 38
-2 6 30
4 8 30
4 8 28
0 12 18
0 2 8
6 -12 6
-4 -6 6
-8 -6 8
-2 -16 8
-2 -14 12
4 -16 18
6 -8 8
10 -6 18
8 8 20
-8 -4 14
-8 -12 24
-8 -12 26
-6 2 30
-6 6 20
-2 -10 48
-20 -24 40
-2 -20 30
0 -18 30
-2 -4 36
4 10 18
-2 12 14
-6 8 14
4 0 10
0 -18 28
-2 -20 28
10 -4 20
-8 -10 28
-8 -10 30
-6 4 16
-6 -8 48
-6 -8 50
-6 -8 52
0 -8 36
6 2 34
-2 -6 36
-6 -2 34
0 8 30
2 6 34
2 6 36
0 12 20
-2 10 14
4 2 8
4 -16 20
10 -6 20
-8 -8 18
-6 6 18
24 -24 38
24 -24 40
2 -8 4
4 -18 28
4 -18 30
4 10 20
-8 -4 8
-4 -4 6
-2 -16 14
-2 -14 10
8 -14 24
8 -14 26
10 -4 18
6 0 32
-8 -6 14
-10 0 24
-12 -18 48
4 8 26
0 12 22
-2 10 12
-4 -2 8
4 2 10
4 -16 22
10 -6 22
8 4 14
-8 -8 16
-8 -12 28
-8 -12 30
-6 6 16
14 -18 44
-2 -10 46
-16 -20 42
-16 -20 44
-20 -24 42
8 -10 32
2 0 38
4 10 22
0 0 8
6 -10 6
-2 -16 12
-2 -14 8
0 -18 24
0 -18 26
10 -4 16
-8 -6 12
-8 -4 10
-8 -10 26
-8 -10 24
-6 0 30
14 -20 46
-16 -18 46
-4 -4 4
0 -8 38
-4 -12 30
4 -12 32
8 -8 34
-6 6 28
-6 6 30
8 8 28
0 6 8
-8 -2 8
-4 -2 6
-6 -14 12
8 -16 18
10 -2 18
-8 -12 16
-8 -8 30
-8 -8 28
-6 -10 50
-6 -10 52
-20 -20 40
4 -10 34
4 -10 36
-6 -4 34
0 10 28
0 10 30
-2 8 14
0 0 6
4 4 10
4 6 14
8 0 10
-2 -14 6
4 -18 18
0 -18 20
8 -14 22
6 -12 12
6 -10 8
8 2 14
-8 -10 20
-10 0 22
24 -22 38
24 -22 40
-2 -8 48
-2 -8 50
2 -10 2
0 -12 34
0 -12 36
0 12 26
6 6 32
0 12 24
0 6 10
-8 -2 10
-6 -14 14
8 -16 16
4 -16 24
4 -16 26
10 -6 24
10 -6 26
10 -2 16
-8 -12 18
10 -14 48
10 -14 50
-12 -16 46
2 -12 4
-4 -14 32
4 -14 30
2 0 36
6 4 34
4 10 26
4 10 24
-2 8 12
4 6 12
0 -18 22
8 -14 20
6 -10 10
8 2 12
-8 -10 22
-10 0 20
10 -16 46
-12 -14 48
-10 -12 48
-10 -12 50
-20 -22 42
-20 -22 44
0 0 4
-2 -14 4
8 -8 32
4 -12 34
8 8 26
8 8 24
-2 8 10
0 2 6
4 6 10
4 8 16
8 2 10
6 -8 6
-8 -6 6
-2 -16 6
6 -12 8
8 -16 22
8 0 14
10 -2 22
-8 -12 20
-8 -8 24
-8 -8 26
-10 2 22
-20 -20 42
-20 -20 44
2 -12 2
4 -10 32
2 4 38
0 10 26
-6 4 30
0 4 8
0 -18 16
-6 -14 8
8 -14 18
4 -18 22
10 -4 24
10 -4 26
-8 -10 16
-10 0 18
-8 -2 12
14 -16 44
-2 -8 46
-2 -14 2
4 -16 28
4 -16 30
2 2 36
-6 -6 34
-2 -2 36
0 12 28
4 4 12
-2 -18 14
6 -12 10
8 -16 20
8 0 12
10 -2 20
-8 -12 22
10 -14 46
-12 -16 48
-10 -10 48
-10 -10 50
0 -10 34
0 -10 36
6 4 32
4 10 28
0 4 10
4 0 6
0 -18 18
-6 -16 14
-6 -14 10
8 -14 16
4 -18 20
-8 -10 18
-8 -2 14
10 -16 48
18 -18 44
-12 -14 46
-10 -12 46
-20 -22 40
2 -10 4

26 16 28
26 16 30
30 16 24
30 16 26
50 24 42
52 24 18
38 20 20
32 16 34
56 24 22
14 10 18
-30 16 32
-54 24 18
-50 24 22
-4 8 16
-56 24 42
-46 20 16
30 18 28
30 18 30
32 18 32
36 18 38
56 26 38
56 26 40
60 26 36
60 26 34
14 12 20
64 26 28
64 26 30
26 14 20
-36 18 24
-36 18 26
-30 18 34
-54 26 42
-56 26 18
-46 22 20
-60 26 22
-8 10 18
-64 26 28
-64 26 30
-40 18 22
18 12 28
60 28 32
52 24 16
38 20 22
46 20 38
46 20 40
44 20 14
56 24 20
14 10 16
-38 20 34
-38 20 36
-54 24 16
-50 24 20
-4 8 18
-46 20 18
-44 20 14
14 12 22
22 14 28
22 14 30
42 22 40
42 22 38
26 14 22
50 22 34
50 22 36
52 22 24
52 22 26
-18 14 24
-22 14 28
-22 14 30
-18 14 26
-42 22 38
-42 22 40
-46 22 22
-8 10 16
-50 22 28
-50 22 30
-40 18 20
26 16 24
26 16 26
30 16 28
30 16 30
50 24 38
50 24 40
52 24 22
38 20 16
14 10 22
32 16 32
56 24 18
-4 8 20
-30 16 34
-50 24 18
-40 20 12
-54 24 22
-24 16 14
-56 24 38
-56 24 40
-46 20 20
30 18 24
30 18 26
32 18 34
32 18 36
56 26 42
60 26 32
14 12 16
40 18 38
26 14 16
38 18 14
-8 10 22
-36 18 28
-36 18 30
-30 18 32
-54 26 38
-54 26 40
-46 22 16
-56 26 22
-40 18 18
-28 14 14
18 12 24
18 12 26
42 20 38
42 20 40
60 28 36
60 28 34
52 24 20
64 28 28
64 28 30
38 20 18
14 10 20
-42 20 38
-42 20 40
-38 20 32
-54 24 20
-50 24 16
-40 20 14
-64 28 28
-64 28 30
-68 28 36
-68 28 34
-46 20 22
22 14 24
22 14 26
46 22 38
46 22 40
44 22 14
14 12 18
50 22 32
52 22 28
52 22 30
38 18 12
26 14 18
-22 14 24
-8 10 20
-22 14 26
-18 14 28
-56 26 20
-46 22 18
-44 22 14
-26 14 32
-50 22 24
-50 22 26
-40 18 16
26 16 22
50 24 34
50 24 36
52 24 24
52 24 26
18 12 20
30 16 18
14 10 24
14 10 26
56 24 30
56 24 28
-50 24 28
-50 24 30
-54 24 24
-54 24 26
-36 20 12
-8 8 22
-56 24 34
-56 24 36
-32 16 14
36 18 32
60 26 42
60 26 44
56 26 32
22 14 20
30 18 22
34 18 14
40 18 34
40 18 36
52 22 16
-54 26 34
-54 26 36
-60 26 28
-60 26 30
-56 26 24
-56 26 26
-18 14 16
-36 18 18
-22 14 20
-40 18 28
-40 18 30
-50 22 20
38 20 28
38 20 30
42 20 34
42 20 36
18 12 22
60 28 38
60 28 40
26 16 20
30 16 16
46 20 32
-42 20 34
-42 20 36
-60 28 24
-60 28 26
-36 20 14
-8 8 20
-46 20 26
-46 20 24
22 14 22
42 22 32
46 22 34
46 22 36
30 18 20
34 18 12
26 14 28
26 14 30
50 22 42
52 22 18
-22 14 22
-68 30 36
-46 22 28
-46 22 30
-42 22 32
-68 30 34
-36 18 16
-18 14 18
-50 22 22
50 24 32
52 24 28
52 24 30
18 12 16
26 16 18
30 16 22
56 24 24
56 24 26
34 16 14
-26 16 32
-54 24 30
-54 24 28
-50 24 24
-50 24 26
-56 24 32
-20 12 14
-8 8 18
36 18 34
36 18 36
60 26 38
60 26 40
56 26 34
56 26 36
22 14 16
30 18 18
20 14 14
40 18 32
52 22 20
-56 26 30
-54 26 32
-60 26 24
-60 26 26
-56 26 28
-32 18 14
-22 14 16
-36 18 22
-18 14 20
-40 18 24
-40 18 26
-50 22 16
38 20 24
38 20 26
42 20 32
60 28 42
18 12 18
26 16 16
30 16 20
46 20 34
46 20 36
-42 20 32
-38 20 38
-60 28 28
-60 28 30
-28 16 14
-46 20 28
-46 20 30
-8 8 16
14 12 24
14 12 26
42 22 34
42 22 36
46 22 32
48 22 14
22 14 18
30 18 16
26 14 24
26 14 26
50 22 38
50 22 40
52 22 22
-18 14 22
-46 22 26
-42 22 34
-42 22 36
-46 22 24
-24 14 14
-36 18 20
-22 14 18
-50 22 18
54 24 32
48 24 24
48 24 26
26 16 14
58 24 38
58 24 40
34 16 18
-24 16 24
-24 16 26
-52 24 32
-48 24 38
-48 24 40
-28 16 16
-36 20 20
-58 24 24
-58 24 26
-32 16 22
-20 12 18
54 26 30
54 26 28
58 26 22
48 22 16
20 14 18
30 18 14
34 18 22
6 8 18
10 8 20
38 18 24
38 18 26
62 26 42
-58 26 34
-58 26 36
-24 14 16
-32 18 18
-38 18 38
-28 14 24
-28 14 26
-62 26 42
10 10 24
36 20 34
36 20 36
40 20 32
62 28 38
62 28 40
66 28 38
18 12 14
44 20 28
44 20 30
34 16 16
-40 20 24
-16 12 24
-40 20 26
-16 12 26
-66 28 38
-62 28 38
-62 28 40
-36 20 22
-28 16 18
-44 20 28
-44 20 30
-32 16 20
-20 12 16
66 30 36
44 22 26
44 22 24
58 26 20
66 30 34
48 22 18
20 14 16
34 18 20
6 8 16
22 14 14
10 8 22
-12 10 24
-66 30 36
-48 22 32
-44 22 26
-44 22 24
-66 30 34
-22 14 14
-32 18 16
-24 14 18
-52 22 38
-52 22 40
48 24 28
48 24 30
54 24 34
54 24 36
30 16 14
58 24 42
34 16 22
-24 16 28
-24 16 30
-12 12 24
-52 24 34
-52 24 36
-48 24 42
-36 20 16
-28 16 20
-20 12 22
-58 24 28
-58 24 30
-32 16 18
6 8 22
20 14 22
54 26 24
54 26 26
58 26 18
48 22 20
34 18 18
28 14 32
38 18 28
38 18 30
62 26 38
62 26 40
10 8 16
-58 26 32
-36 18 14
-32 18 22
-24 14 20
-28 14 28
-28 14 30
-16 10 24
-16 10 26
-62 26 38
-62 26 40
36 20 32
40 20 34
40 20 36
62 28 42
44 20 26
44 20 24
34 16 20
-40 20 28
-40 20 30
-62 28 42
-36 20 18
-28 16 22
-44 20 26
-44 20 24
-32 16 16
-20 12 20
6 8 20
44 22 28
44 22 30
48 22 22
20 14 20
34 18 16
10 8 18
-24 14 22
-48 22 34
-48 22 36
-44 22 28
-44 22 30
-36 18 12
-18 14 14
-32 18 20
-52 22 42
6 10 22
54 24 38
54 24 40
48 24 18
38 20 12
10 10 16
34 16 24
34 16 26
58 24 32
44 20 20
-12 12 22
-52 24 38
-48 24 32
-52 24 40
-40 20 16
-16 12 16
-24 16 18
-34 16 32
-32 16 28
-32 16 30
-20 12 24
-20 12 26
-58 24 18
-44 20 20
20 14 24
20 14 26
34 18 28
34 18 30
54 26 22
58 26 28
58 26 30
44 22 16
62 26 34
62 26 36
38 18 18
-32 18 24
-34 18 34
-34 18 36
-32 18 26
-58 26 42
-58 26 44
-44 22 16
-12 10 16
-38 18 32
-16 10 22
-62 26 36
-62 26 34
-40 18 14
-28 14 18
40 20 38
40 20 40
6 10 20
62 28 32
66 28 32
48 24 16
10 10 18
38 20 14
44 20 22
-28 16 24
-36 20 28
-36 20 30
-28 16 26
-62 28 32
-40 20 18
-66 28 32
-24 16 16
-16 12 18
-12 12 20
-44 20 22
48 22 24
48 22 26
54 26 20
44 22 18
26 14 14
38 18 16
-24 14 24
-24 14 26
-48 22 38
-48 22 40
-46 22 14
-44 22 18
-12 10 18
-52 22 32
-40 18 12
-28 14 16
-16 10 20
10 10 20
54 24 42
48 24 22
6 10 18
34 16 28
34 16 30
58 24 34
58 24 36
44 20 16
-24 16 22
-48 24 34
-48 24 36
-52 24 42
-40 20 20
-12 12 18
-16 12 20
-34 16 34
-34 16 36
-32 16 24
-32 16 26
-20 12 28
-58 24 22
-44 20 16
20 14 28
34 18 24
34 18 26
58 26 24
58 26 26
44 22 20
54 26 18
62 26 32
38 18 22
-34 18 32
-32 18 28
-32 18 30
-58 26 38
-58 26 40
-44 22 20
-12 10 20
-38 18 34
-38 18 36
-62 26 32
-28 14 22
-16 10 18
10 10 22
28 16 32
36 20 38
62 28 36
66 28 36
62 28 34
66 28 34
48 24 20
6 10 16
44 20 18
-36 20 24
-16 12 22
-36 20 26
-28 16 28
-28 16 30
-66 28 34
-66 28 36
-62 28 34
-62 28 36
-40 20 22
-12 12 16
-24 16 20
-58 24 20
-46 20 14
-44 20 18
48 22 28
48 22 30
44 22 22
38 18 20
-12 10 22
-24 14 28
-24 14 30
-48 22 42
-44 22 22
-52 22 34
-52 22 36
-28 14 20
-16 10 16
48 24 38
48 24 40
40 20 16
42 20 12
54 24 18
12 12 18
24 16 18
36 20 20
20 12 28
34 16 32
58 24 24
58 24 26
-10 10 22
-52 24 18
-42 20 12
-48 24 24
-48 24 26
-26 16 14
-6 10 16
-34 16 24
-34 16 26
-32 16 34
-58 24 38
-58 24 40
34 18 34
34 18 36
54 26 42
58 26 36
58 26 34
12 10 20
38 18 38
62 26 28
62 26 30
28 14 22
40 18 14
-34 18 28
-34 18 30
-32 18 32
-20 14 28
-48 22 16
-58 26 22
-38 18 24
-38 18 26
-62 26 28
-62 26 30
16 12 24
16 12 26
28 16 28
28 16 30
62 28 26
40 20 18
42 20 14
54 24 16
24 16 16
36 20 22
12 12 16
-10 10 20
-40 20 38
-40 20 40
-36 20 34
-36 20 36
-28 16 32
-52 24 16
-42 20 14
-62 28 26
-6 10 18
12 10 22
24 14 24
24 14 26
44 22 38
44 22 40
48 22 32
46 22 14
40 18 12
28 14 20
-44 22 38
-44 22 40
-48 22 18
-58 26 20
-52 22 24
-52 22 26
12 12 22
24 16 22
48 24 42
54 24 22
40 20 20
36 20 16
20 12 24
20 12 26
34 16 34
34 16 36
58 24 28
58 24 30
-6 10 20
-48 24 28
-48 24 30
-52 24 22
-10 10 18
-34 16 28
-34 16 30
-32 16 32
-58 24 42
34 18 32
54 26 38
54 26 40
58 26 32
36 18 14
12 10 16
16 10 24
16 10 26
62 26 24
62 26 26
28 14 18
-34 18 24
-20 14 24
-34 18 26
-32 18 34
-32 18 36
-20 14 26
-48 22 20
-58 26 18
-38 18 28
-38 18 30
-62 26 24
-62 26 26
28 16 24
28 16 26
54 24 20
62 28 28
62 28 30
40 20 22
12 12 20
24 16 20
36 20 18
44 20 38
44 20 40
46 20 14
-6 10 22
-36 20 32
-52 24 20
-62 28 28
-62 28 30
-10 10 16
-44 20 40
-44 20 38
24 14 28
24 14 30
48 22 34
48 22 36
42 22 14
12 10 18
36 18 12
28 14 16
-48 22 22
-42 22 14
-52 22 28
-52 22 30
12 12 24
24 16 24
24 16 26
48 24 32
54 24 24
54 24 26
28 16 20
16 12 16
20 12 22
58 24 18
32 16 14
-48 24 18
-52 24 24
-52 24 26
-38 20 12
-58 24 32
-34 16 18
58 26 42
58 26 44
54 26 34
54 26 36
24 14 16
16 10 22
28 14 28
28 14 30
38 18 32
-20 14 22
-6 8 20
-58 26 28
-58 26 30
-30 18 14
-34 18 22
-28 14 32
-52 22 16
-38 18 18
-10 8 18
36 20 28
36 20 30
40 20 24
40 20 26
16 12 18
28 16 22
44 20 34
44 20 36
20 12 20
-40 20 32
-48 24 16
-38 20 14
-18 12 14
-44 20 34
-44 20 36
-34 16 16
48 22 38
48 22 40
44 22 32
24 14 18
16 10 20
-6 8 22
-44 22 32
-48 22 24
-48 22 26
-34 18 20
-20 14 20
-52 22 18
-38 18 16
-26 14 14
-10 8 16
24 16 28
24 16 30
48 24 34
48 24 36
54 24 30
54 24 28
16 12 20
28 16 16
58 24 22
20 12 18
-10 10 24
-52 24 28
-52 24 30
-48 24 22
-30 16 14
-58 24 34
-58 24 36
-34 16 22
58 26 38
58 26 40
54 26 32
24 14 20
32 18 14
28 14 24
28 14 26
38 18 34
38 18 36
16 10 18
-58 26 24
-58 26 26
-6 8 16
-34 18 18
-20 14 18
-10 8 22
-52 22 20
-38 18 22
36 20 24
36 20 26
40 20 28
40 20 30
16 12 22
28 16 18
44 20 32
58 24 20
20 12 16
22 12 14
-40 20 34
-40 20 36
-36 20 38
-48 24 20
-44 20 32
-34 16 20
-22 12 14
12 10 24
24 14 22
48 22 42
44 22 34
44 22 36
18 14 14
16 10 16
-48 22 28
-48 22 30
-44 22 34
-44 22 36
-20 14 16
-6 8 18
-34 18 16
-10 8 20
-52 22 22
-38 18 20
50 24 28
50 24 30
52 24 32
8 8 22
56 24 34
56 24 36
20 12 14
22 12 16
32 16 22
-26 16 28
-26 16 30
-54 24 32
-50 24 34
-50 24 36
-38 20 20
-30 16 18
-18 12 20
-56 24 30
-56 24 28
-22 12 16
36 18 24
36 18 26
56 26 24
56 26 26
60 26 22
18 14 16
32 18 18
40 18 28
40 18 30
50 22 20
-14 12 24
-36 18 38
-14 12 26
-60 26 34
-60 26 36
-56 26 32
-54 26 30
-54 26 28
-34 18 14
-20 14 14
-30 18 22
-40 18 34
-40 18 36
-26 14 20
38 20 34
38 20 36
42 20 28
42 20 30
64 28 38
64 28 40
28 16 14
8 8 20
46 20 26
46 20 24
22 12 18
32 16 20
-18 12 22
-42 20 28
-42 20 30
-60 28 32
-64 28 38
-64 28 40
-38 20 22
-30 16 16
-46 20 32
-22 12 18
42 22 26
46 22 28
46 22 30
42 22 24
18 14 18
32 18 16
52 22 38
52 22 40
50 22 22
-46 22 34
-46 22 36
-42 22 26
-42 22 24
-34 18 12
-30 18 20
-26 14 22
-50 22 42
52 24 34
52 24 36
50 24 24
50 24 26
56 24 32
8 8 18
22 12 20
32 16 18
-26 16 24
-26 16 26
-54 24 34
-54 24 36
-50 24 32
-18 12 16
-38 20 16
-30 16 22
-56 24 24
-56 24 26
-34 16 14
-22 12 20
36 18 28
36 18 30
56 26 30
56 26 28
18 14 20
32 18 22
40 18 24
40 18 26
64 26 38
64 26 40
50 22 16
-60 26 32
-56 26 34
-56 26 36
-54 26 24
-54 26 26
-30 18 18
-40 18 32
-64 26 38
-64 26 40
-38 18 14
-26 14 16
38 20 32
42 20 24
42 20 26
22 12 22
46 20 28
46 20 30
68 28 36
68 28 34
8 8 16
32 16 16
-60 28 34
-60 28 36
-42 20 24
-42 20 26
-18 12 18
-38 20 18
-30 16 20
-14 10 24
-14 10 26
-22 12 22
-46 20 34
-46 20 36
18 14 22
42 22 28
42 22 30
46 22 26
46 22 24
32 18 20
24 14 14
26 14 32
52 22 42
50 22 18
-46 22 32
-42 22 28
-42 22 30
-30 18 16
-50 22 38
-50 22 40
-38 18 12
-26 14 18
30 16 32
4 8 20
52 24 38
52 24 40
50 24 22
42 20 20
36 20 12
32 16 28
32 16 30
56 24 42
46 20 16
-30 16 24
-26 16 22
-30 16 26
-54 24 38
-54 24 40
-50 24 42
-42 20 20
-56 24 22
-14 10 20
30 18 34
32 18 24
32 18 26
56 26 18
60 26 28
60 26 30
42 22 16
46 22 20
36 18 18
8 10 18
64 26 34
64 26 36
28 14 14
40 18 22
-36 18 32
-30 18 28
-30 18 30
-56 26 38
-60 26 42
-60 26 44
-56 26 40
-42 22 16
-54 26 22
-14 12 18
-64 26 36
-64 26 34
50 24 20
60 28 24
60 28 26
64 28 32
42 20 22
36 20 14
22 12 24
22 12 26
46 20 18
-38 20 28
-38 20 30
-18 12 28
-60 28 38
-60 28 40
-42 20 22
-64 28 32
-26 16 20
-22 12 24
-22 12 26
-14 10 22
-46 20 40
-46 20 38
-56 24 20
18 14 24
18 14 26
68 30 36
46 22 22
68 30 34
42 22 18
36 18 16
8 10 16
50 22 28
50 22 30
52 22 32
40 18 20
-54 26 20
-42 22 18
-14 12 16
-26 14 28
-26 14 30
-50 22 34
-50 22 36
26 16 32
30 16 34
52 24 42
40 20 12
42 20 16
50 24 18
4 8 16
24 16 14
32 16 24
32 16 26
56 24 38
56 24 40
46 20 20
-30 16 28
-30 16 30
-50 24 38
-54 24 42
-50 24 40
-42 20 16
-26 16 18
-56 24 18
-14 10 16
30 18 32
32 18 28
32 18 30
8 10 22
56 26 22
60 26 24
60 26 26
42 22 20
46 22 16
36 18 22
64 26 32
40 18 18
-30 18 24
-14 12 22
-36 18 34
-36 18 36
-30 18 26
-60 26 38
-60 26 40
-56 26 42
-54 26 18
-42 22 20
-40 18 38
-64 26 32
38 20 38
64 28 36
64 28 34
60 28 28
60 28 30
40 20 14
42 20 18
50 24 16
4 8 18
22 12 28
46 20 22
-38 20 24
-18 12 24
-38 20 26
-18 12 26
-64 28 34
-64 28 36
-60 28 42
-42 20 18
-26 16 16
-22 12 28
-14 10 18
18 14 28
8 10 20
56 26 20
42 22 22
46 22 18
36 18 20
52 22 34
52 22 36
50 22 24
50 22 26
40 18 16
-46 22 38
-46 22 40
-48 22 14
-42 22 22
-14 12 20
-26 14 24
-26 14 26
-50 22 32

8 0 46
-4 -4 46
8 2 -8
14 -2 -12
12 0 -16
18 -16 -32
-6 -12 10
-14 0 -10
-12 -4 -22
-14 2 -12
-20 -20 -40
-20 -20 -38
-2 2 36
6 -6 36
2 -2 36
0 -16 36
-4 -12 36
-2 -22 38
8 -16 40
0 8 -18
-8 -12 -20
6 -10 -12
6 -12 -10
10 -2 -18
8 -8 -30
-10 -6 -30
-10 -6 -28
6 -14 -46
-8 -16 -40
-8 -16 -38
-6 -10 -44
-6 -10 -42
-2 -6 -40
-4 -20 -46
4 6 -8
-2 6 -16
-2 8 -8
0 0 0
10 -14 12
10 -16 8
12 -10 10
20 -10 6
-8 -4 -2
2 -10 -4
8 -6 2
-10 -8 2
4 -2 2
-30 -22 2
16 -22 42
16 -22 44
-12 -26 44
8 -14 44
8 -14 42
6 -14 10
8 4 -6
14 -8 -22
18 -14 -30
18 -14 -28
24 -22 -38
24 -22 -40
-12 -2 -18
-10 0 -14
-16 -2 -16
-16 -6 -22
-26 -22 -42
4 -18 38
4 -18 40
-6 4 -24
-8 -10 -16
0 -18 -16
10 -4 -22
-8 -14 -34
6 -16 -44
6 -16 -42
-8 -14 -36
-6 -12 -46
-2 -8 -44
-2 -8 -42
0 -6 -44
0 -6 -42
-8 -2 -12
-4 -2 0
6 -16 14
16 -8 10
26 -22 0
-10 -10 8
-10 -12 12
8 6 -2
-6 8 -2
4 2 -2
6 -8 -4
-2 -10 4
30 -22 -4
-20 -16 4
24 -16 2
-26 -24 2
4 -16 32
14 -26 52
14 -26 48
14 -26 50
-4 -16 30
-4 -16 28
-14 -14 38
-14 -14 40
-16 -28 44
6 -10 46
6 -2 42
2 -6 44
-6 2 44
-8 -12 40
8 2 -10
12 0 -14
18 -12 -26
18 -12 -24
22 -12 -30
24 -20 -36
26 -28 -44
-6 -12 8
-8 -4 0
-14 0 -8
-16 -4 -24
-18 -12 -32
-22 -12 -30
6 -2 44
-6 2 42
0 8 -20
-8 -12 -18
8 -16 -20
10 -6 -24
10 -6 -26
10 -2 -20
2 2 -32
8 -12 -40
8 -12 -38
2 -22 -36
2 -22 -34
4 8 -14
4 6 -10
-2 6 -14
-2 8 -10
-8 -6 -6
6 -8 -6
8 0 -12
10 -16 10
12 -10 8
12 -12 12
-14 -2 12
8 4 -4
-20 -14 2
8 -18 32
14 -12 38
14 -12 40
14 -28 46
-4 -14 26
-14 -16 42
-14 -24 46
2 -8 46
-8 -10 44
-8 -2 46
-8 -10 42
-4 -6 48
8 6 0
6 -14 8
10 -8 0
18 -10 -22
26 -26 -46
-2 -10 6
-16 -2 -14
-12 -2 -20
-10 0 -16
-18 -10 -30
-18 -10 -28
-20 -22 -36
0 -18 44
6 -12 48
-2 4 38
-2 4 40
-6 0 38
4 -14 36
0 -18 42
-2 -20 42
-6 0 40
-8 -10 -14
4 -18 -20
8 -14 -16
8 -10 -34
8 -10 -36
6 -20 -32
-8 -18 -32
2 0 -30
-4 -22 -42
2 -16 -48
-4 -22 -44
2 -10 -6
4 2 0
6 -16 12
16 -12 6
16 -8 8
32 -28 -8
-20 -16 6
26 -22 -2
-4 -4 48
8 6 -6
10 -2 -14
18 -16 -30
-10 2 -14
-20 -20 -36
-20 -20 -34
-2 2 -26
-2 6 -20
-8 -12 -16
8 -8 -32
-8 -16 -34
-6 -2 -34
-6 -2 -36
6 -14 -42
6 -14 -44
-8 -16 -36
-4 -20 -44
-4 -20 -42
0 8 -14
-8 -2 -10
2 -10 0
6 -16 10
-10 -12 8
-10 -10 12
4 0 -2
26 -20 -2
-20 -14 4
2 -4 44
26 -30 -52
26 -30 -50
6 -8 0
8 0 -8
14 -2 -10
14 -8 -24
14 -8 -26
18 -14 -32
24 -22 -36
-6 -10 10
-10 8 0
-8 -6 0
-12 -2 -14
-16 -2 -20
-14 0 -12
-14 2 -10
-18 -14 -26
-16 -6 -26
-16 -6 -24
-2 0 36
0 -14 36
-4 -10 36
4 -18 42
4 -18 44
8 -14 40
8 -14 38
-6 4 -22
-8 -10 -20
0 -18 -20
6 -12 -12
6 -10 -10
8 -14 -18
10 -4 -26
10 -4 -24
-6 -4 -32
6 -16 -46
-8 -14 -40
-8 -14 -38
-6 -12 -44
-6 -12 -42
-2 -8 -46
-8 -4 -6
0 2 0
10 -16 12
10 -14 8
12 -12 10
20 -12 6
24 -16 6
30 -22 0
-14 -2 10
14 -10 38
12 -24 42
12 -24 44
16 -20 42
16 -20 44
14 -26 46
-4 -16 26
-14 -14 42
6 -10 48
-8 -12 44
-4 -8 42
-4 -8 44
-6 -14 46
-8 -12 42
8 4 0
18 -8 -20
10 -2 -16
12 0 -18
24 -20 -40
24 -20 -38
26 -28 -46
-2 -12 6
-16 -4 -22
-18 -12 -28
-18 -12 -30
-6 2 40
-6 2 38
6 -2 38
4 -16 36
6 -2 40
2 2 -30
2 2 -28
-2 6 -18
-8 -12 -14
10 -6 -22
8 -12 -34
8 -12 -36
4 -16 -22
2 -22 -38
2 -22 -40
0 -4 -42
4 -8 -40
2 -14 -48
0 8 -16
-8 -2 -8
4 0 0
6 -14 12
16 -10 6
26 -20 0
32 -26 -8
-10 -12 10
-20 -14 6
-8 -4 -4
-6 -8 2
0 -2 2
4 -14 32
14 -28 50
14 -28 52
14 -28 48
-4 -14 30
-4 -14 28
-8 -18 30
-16 -26 42
-16 -26 44
-14 -16 40
6 -12 46
-6 0 42
-6 0 44
-8 -10 40
-4 -6 46
2 -14 6
8 0 -10
12 2 -14
18 -18 -34
18 -10 -24
18 -18 -36
18 -10 -26
26 -26 -42
26 -26 -44
-6 -10 8
-12 -6 -22
-12 -2 -16
-16 -2 -18
-14 2 -8
-20 -22 -38
-20 -22 -40
2 -8 48
-2 4 44
-2 4 42
6 -4 36
-2 -20 38
-2 -20 40
-8 -10 38
-8 -10 -18
0 -18 -18
8 -14 -20
0 -26 -50
6 -20 -30
6 -20 -28
-8 -18 -30
-8 -18 -28
-2 -4 -40
-2 -4 -38
2 0 -32
8 -10 -40
8 -10 -38
4 -6 -42
-4 -22 -46
-2 -12 -48
0 -26 -48
4 6 -12
-2 8 -12
6 -10 -8
8 2 -12
12 -12 8
12 -10 12
10 -14 10
-6 -12 12
-14 -2 8
6 -8 -2
-8 -6 -2
30 -22 -2
8 6 -4
20 -12 4
24 -16 4
8 -4 2
-2 -10 2
-20 -16 2
8 -16 32
12 -20 40
14 -30 48
14 -30 50
-14 -18 42
-14 -18 44
2 -2 44
6 -6 42
-8 -8 44
-4 -12 42
-4 -12 44
-8 -8 42
10 -10 0
18 -8 -22
16 0 -14
-2 -12 8
-12 -4 -14
-16 -4 -20
-14 4 -8
-18 -8 -28
-26 -24 -46
0 -16 44
-2 2 44
0 0 48
-2 2 42
6 -6 44
-8 -8 -14
0 -16 -14
-4 -12 -14
4 -16 -20
10 -6 -20
0 -6 6
-2 -8 6
8 -8 -34
8 -8 -36
8 -16 -26
8 -16 -24
-8 -16 -32
-6 -2 -32
6 -22 -36
2 -18 -48
-6 6 -14
-8 -2 -6
2 -12 -8
2 -8 -6
8 4 -12
16 -10 8
30 -24 0
32 -26 -6
-14 -4 10
-14 -6 12
-10 -8 10
-20 -18 6
-20 -14 8
0 4 -2
32 -28 -2
8 0 -4
4 4 -4
-6 -12 2
4 -18 32
8 -14 34
8 -14 36
-4 -18 30
-4 -18 28
-8 -14 30
-14 -20 46
6 -8 46
10 -4 42
10 -4 44
-8 -6 46
-4 -2 48
2 -14 8
8 2 0
10 -4 -14
18 -14 -34
-6 -10 6
-12 -6 -20
-2 -16 46
2 -12 48
0 2 46
-2 0 38
2 4 -28
6 0 -28
-6 4 -18
4 -14 -16
8 -14 -22
4 -18 -26
4 -18 -24
2 -20 -32
-4 -18 -28
-8 -14 -30
-8 -14 -28
-6 -4 -36
-6 -4 -34
6 0 -30
-8 -4 -10
2 -16 12
12 -8 8
-4 -6 -2
-30 -26 -2
6 -14 2
-8 0 2
14 -10 36
18 -28 46
-8 -12 32
4 0 46
26 -28 -52
26 -28 -50
8 6 -8
16 0 -16
22 -28 -44
26 -28 -48
-2 -12 10
-6 -14 0
-12 -4 -16
-14 4 -10
-16 -4 -18
-20 -24 -40
-20 -24 -38
-22 -28 -44
6 -2 36
2 -6 36
-6 2 -22
-2 6 -22
-8 -12 -24
-8 -8 -16
0 -16 -16
4 -16 -18
2 -12 -10
10 -6 -18
8 -12 -32
2 -22 -30
2 -22 -28
-8 -12 -26
-6 -6 -38
-2 -2 -38
-2 -2 -40
6 -18 -44
6 -18 -42
-6 -6 -40
-2 -10 -44
2 -14 -46
-6 6 -16
0 4 0
16 -10 10
-14 -4 8
-10 -8 8
30 -24 -2
-2 -8 4
-20 -18 4
-26 -22 4
8 -2 2
4 -6 2
24 -18 2
12 -22 42
12 -22 44
18 -26 48
-8 -10 34
-8 -10 36
6 -4 40
2 -14 10
6 -12 0
10 -4 -16
14 -12 -26
18 -18 -32
22 -26 -46
-16 -6 -16
-12 -6 -18
-22 -26 -46
4 -14 44
6 -4 38
0 -18 36
-2 -20 36
-6 0 -26
-6 4 -20
-2 4 -26
-2 4 -24
-8 -10 -22
-8 -6 -12
-2 -14 -10
4 -14 -14
0 -18 -22
-2 -20 -22
2 0 -34
2 0 -36
6 -20 -40
6 -20 -38
2 -24 -40
2 -24 -38
-8 -18 -40
-8 -18 -38
-6 -8 -42
-2 -12 -46
-4 -22 -48
-8 -4 -8
8 0 -6
-4 -6 0
2 -16 14
12 -8 10
20 -12 8
-30 -26 0
8 2 -2
4 6 -2
-6 -10 4
-8 -2 -4
2 -8 -4
0 6 -4
32 -26 -4
-10 -10 2
0 -4 2
-26 -20 2
8 -16 34
12 -20 42
16 -24 42
16 -24 44
12 -20 44
14 -30 46
-8 -16 30
-14 -18 40
6 -6 40
-8 -8 40
8 0 0
18 -16 -36
18 -16 -34
18 -8 -26
18 -8 -24
24 -24 -40
24 -24 -38
-6 -12 6
-16 -4 -16
-12 -4 -18
-26 -24 -42
-26 -24 -44
-2 -14 46
2 -10 48
0 0 46
-2 2 40
-2 2 38
6 -6 38
-8 -8 38
6 2 -28
-6 6 -18
-8 -8 -18
-8 -4 -12
0 -16 -18
4 -16 -16
8 -16 -22
10 -6 -16
10 -2 -22
8 -8 -38
-8 -16 -30
-8 -16 -28
-6 -2 -30
6 -22 -40
6 -22 -38
-4 -20 -48
-8 -6 -8
6 -8 -8
4 4 0
-4 -4 0
2 -14 12
12 -8 12
26 -24 0
24 -18 4
30 -24 -4
-8 2 2
-2 -8 2
-20 -18 2
-26 -22 2
8 -14 32
-4 -18 26
-16 -30 44
6 -8 48
-8 -6 48
-4 -2 46
-4 -10 42
-4 -10 44
6 -14 6
8 4 -10
-2 -10 8
-16 -6 -18
2 -12 46
-2 0 44
2 -4 36
4 -18 36
-6 -20 38
-6 -20 40
0 -14 -14
10 -4 -18
8 -14 -26
8 -14 -24
2 -20 -30
2 -20 -28
4 -18 -22
-8 -14 -32
-6 -4 -38
6 0 -32
-6 4 -14
2 -10 -8
16 -12 8
16 -8 6
32 -28 -6
-2 -12 12
-14 -6 8
-20 -16 8
-8 -2 -2
0 6 -2
2 -8 -2
32 -26 -2
8 2 -4
4 6 -4
-2 8 -4
0 -4 4
-26 -20 4
-6 -10 2
4 -4 2
-30 -24 2
18 -28 50
8 -12 30
18 -28 48
-8 -12 34
-8 -12 36
-14 -22 46
10 -6 42
10 -6 44
4 0 48
-8 -4 46
6 -10 0
8 2 -6
14 -10 -26
14 -10 -24
22 -28 -46
-16 -4 -14
-12 -4 -20
-22 -28 -46
4 -16 44
-4 -8 36
4 -16 42
-6 2 -26
-6 2 -24
-2 6 -24
-8 -12 -22
-8 -8 -20
-2 -14 -12
10 -6 -14
8 -12 -28
8 -12 -30
2 -22 -32
-6 -6 -36
-2 -2 -36
-2 -2 -34
-4 -24 -42
-2 -10 -46
6 -18 -46
-4 -24 -44
4 6 -6
-2 8 -6
-8 -6 -10
6 -8 -10
2 -14 14
2 -16 10
20 -10 8
24 -18 6
8 0 -2
4 4 -2
-4 -4 -2
26 -24 -2
32 -28 -4
-10 -12 2
14 -12 36
18 -26 46
-8 -10 32
-10 -20 42
4 2 46
6 -4 42
26 -26 -52
14 -8 -20
8 4 -8
22 -26 -42
22 -26 -44
26 -26 -50
26 -26 -48
-2 -10 10
-8 -2 0
-16 -6 -20
-20 -6 -24
-24 -26 -40
-22 -26 -42
-22 -26 -44
6 -4 44
-2 4 -22
-8 -10 -24
4 -14 -18
2 -12 -12
10 -4 -20
0 -4 6
8 -10 -32
-2 -20 -26
-2 -20 -24
-8 -18 -34
6 -20 -36
6 -20 -34
2 -24 -36
-8 -18 -36
-6 4 -16
2 -8 0
16 -12 10
32 -26 0
-2 -12 14
-14 -4 12
-10 -8 12
-14 -6 10
-24 -18 0
6 -14 4
-4 -6 -4
-30 -26 -4
2 -18 28
2 -18 30
10 -10 36
10 -10 34
12 -20 46
14 -30 44
16 -24 46
-10 -14 32
-12 -12 32
6 -6 48
-8 -8 48
12 2 -6
14 -6 -18
24 -24 -42
24 -24 -44
-4 -14 8
-8 -14 6
-10 4 -10
-16 -16 -30
-2 -14 44
-4 -12 48
2 -2 48
-6 -18 38
-6 -18 40
4 4 -26
4 4 -24
8 0 -26
-2 -14 -14
10 -10 -22
8 0 -24
8 4 -20
-4 -20 -32
4 -12 -46
6 -22 -42
0 10 -8
16 -6 6
-4 -16 12
-34 -30 -8
-10 -4 8
-14 -8 8
6 -2 -2
-6 2 -2
-2 6 -2
-28 -24 -2
8 -10 4
-10 2 -4
0 8 -4
-2 -4 4
-32 -24 -4
-26 -18 4
24 -22 2
6 -16 28
6 -16 30
10 -12 32
12 -18 42
12 -18 44
-10 -16 34
-12 -10 34
-12 -10 36
-14 -20 40
-16 -30 46
6 -8 40
-4 -2 42
-4 -2 44
-4 -10 46
-8 -6 40
4 -12 10
14 -4 -16
12 4 -8
18 -2 -20
18 -6 -26
18 -6 -24
-28 -26 -52
-28 -26 -50
-10 0 0
-20 -18 -30
-24 -30 -50
-28 -26 -48
0 -14 46
-2 0 46
0 2 38
6 -8 38
4 6 -22
8 2 -22
-8 -6 -18
-2 -16 -18
8 -6 -38
6 -16 -28
10 -12 -26
10 -12 -24
4 -2 -38
4 -10 -44
4 -10 -42
-4 -18 -48
-6 6 -8
-8 -8 -8
-4 -12 -8
-4 -8 -6
6 -6 -8
12 -6 12
-18 -12 8
-18 -8 6
-34 -28 -6
-34 -26 -2
24 -20 4
-6 -2 2
-2 -6 2
-6 -14 34
-14 -22 42
-10 -18 42
-14 -22 44
-8 -4 44
-8 -4 42
8 -10 6
6 -2 0
14 -6 -20
18 -4 -22
-4 -14 10
-6 2 0
-16 -8 -20
-10 4 -8
-20 -16 -36
-20 -16 -34
-20 -8 -26
-20 -8 -24
-24 -28 -46
4 -16 46
0 4 36
4 0 38
-6 -14 36
-8 -4 -14
-2 -14 -16
8 4 -18
8 -4 -36
8 -4 -34
0 -20 -26
0 -20 -24
-2 -18 -26
-2 -18 -24
-10 -10 -32
-4 0 -34
6 -18 -36
6 -18 -34
-4 -24 -40
2 -22 -48
2 -22 -50
-2 -4 6
8 -8 12
-4 -16 14
-34 -30 -10
-10 -4 10
-10 -6 12
-14 -8 10
-28 -24 0
-24 -20 0
34 -24 -2
-8 -14 4
-4 -8 -4
-34 -28 -4
10 0 2
12 -14 32
6 -12 34
-6 -16 32
10 -8 42
10 -8 44
6 -4 46
4 2 44
14 -4 -14
12 4 -10
18 -2 -18
22 -26 -40
-8 -10 0
-10 2 -6
-16 -10 -26
-16 -10 -24
-24 -26 -42
-22 -26 -40
-24 -26 -44
4 2 42
-4 -6 36
6 -12 36
0 6 -26
0 6 -24
-8 -2 -26
-8 -2 -24
-8 -8 -10
-2 -16 -20
0 -14 -12
-4 -12 -10
8 -2 -32
-6 -16 -26
-6 -16 -24
-10 -12 -30
-10 -12 -28
0 -2 -36
-4 -14 -46
0 -10 -46
6 -20 -46
2 -24 -46
0 8 -6
-6 6 -10
-6 4 -12
12 -4 8
24 -20 6
-18 -12 10
-32 -24 -6
-10 0 -2
12 2 -4
-6 0 -4
8 -12 2
28 -24 2
6 -14 28
6 -14 30
2 -18 24
2 -18 26
10 -10 32
-12 -12 34
-12 -12 36
-10 -14 34
-10 -14 36
6 -6 46
2 -2 46
-8 -8 46
-4 -12 46
4 -10 10
10 -2 0
16 -8 -28
24 -24 -46
-28 -28 -52
-28 -28 -50
-10 2 0
-12 -8 -20
-28 -28 -48
0 -16 46
-2 2 46
-4 -4 36
-6 -18 42
4 4 -22
-8 0 -28
10 -10 -24
8 0 -22
8 4 -16
10 -10 -26
4 -20 -26
-4 -20 -30
-4 -20 -28
-8 0 -30
4 -12 -44
-6 4 -8
-4 -10 -8
4 -12 14
12 -6 8
-18 -10 8
-32 -24 0
-34 -26 -6
-4 -8 -2
34 -24 -4
-8 -14 2
10 -12 34
10 -12 36
12 -18 40
-16 -30 50
-10 -16 32
-12 -10 32
-6 -12 30
-14 -20 42
-14 -20 44
-16 -30 48
6 -8 42
-8 -6 44
-8 -6 42
-4 -10 48
14 -4 -20
18 -6 -22
-20 -18 -32
-16 -14 -30
-16 -14 -28
-2 -16 44
-2 0 48
0 2 44
-4 -2 38
6 -8 44
8 2 -26
8 2 -24
-8 -6 -14
-2 -16 -14
4 -14 -12
10 -8 -20
-2 -6 6
0 -8 6
8 -6 -36
8 -6 -34
4 -2 -36
4 -2 -34
4 -10 -46
2 -20 -48
2 -20 -50
4 8 -6
-6 2 -6
8 -8 10
-4 -14 12
-10 -4 12
-10 -6 10
-14 -8 12
-24 -22 0
-6 0 -2
-2 4 -2
8 -12 4
-6 -14 32
-10 -18 40
-14 -22 40
4 0 44
4 0 42
-8 -4 40
4 -10 8
14 -6 -16
16 0 -12
-8 -12 0
-16 -12 -26
-16 -12 -24
-24 -28 -44
6 -10 36
0 -20 36
-2 -18 36
0 4 -26
0 4 -24
-8 -8 -12
0 -14 -10
-4 -12 -12
-4 -10 -10
0 -20 -22
-2 -18 -22
-10 -10 -30
-10 -10 -28
6 -18 -40
6 -18 -38
-4 -16 -46
0 -12 -46
-6 6 -12
-6 4 -10
8 4 -14
-4 -8 0
4 -12 12
12 -4 12
12 -6 10
18 -14 8
-18 -10 10
10 -2 -2
-10 2 -2
0 8 -2
-32 -24 -2
-6 2 -4
4 8 -4
-2 6 -4
6 -2 -4
24 -22 4
8 -10 2
-2 -4 2
-26 -18 2
12 -14 34
6 -12 32
12 -14 36
10 -8 38
12 -22 46
-6 -16 34
6 -4 48
8 -12 6
14 -4 -18
-6 0 0
-10 6 -8
-16 -10 -22
-20 -14 -34
-24 -26 -46
4 -14 46
4 2 38
4 2 40
2 -8 34
2 -8 36
-6 -16 36
0 6 -22
-8 -2 -22
-8 -6 -16
-6 -16 -22
-2 -16 -16
10 -8 -18
8 -2 -28
8 -2 -30
-10 -12 -32
-6 -8 -38
0 -2 -40
0 -2 -38
6 -20 -44
6 -20 -42
2 -24 -42
-4 -22 -32
-6 -8 -40
2 -24 -44
10 -4 -12
-2 4 0
8 -8 8
-4 -14 14
-4 -16 10
-10 -6 8
28 -26 -2
-2 -6 4
-34 -26 -4
10 2 2
4 -8 2
-10 -2 2
24 -20 2
-6 -18 32
-10 -14 38
-10 -14 40
-12 -12 38
-12 -12 40
-12 -28 46
10 -10 42
10 -10 44
4 -10 6
8 8 0
6 -6 0
14 -6 -24
14 -2 -20
14 -6 -26
20 -12 -32
-6 6 0
-8 -8 0
-10 0 -8
-16 -8 -24
-16 -8 -26
-28 -28 -46
4 4 38
0 0 36
-2 -14 36
4 4 -18
-8 -10 -10
-2 -18 -20
-6 -14 -16
8 0 -18
-6 -18 -26
-6 -18 -24
4 -4 -36
6 -14 -40
0 -8 -46
6 -4 -6
2 -2 0
-2 2 0
18 -14 6
-10 -2 12
-34 -26 -10
-28 -20 0
-18 -10 4
10 -12 38
10 -12 40
-10 -16 42
2 -4 46
10 -4 0
12 0 -10
18 -6 -18
12 2 -12
20 -10 -28
-14 0 -16
-10 6 -6
-20 -18 -34
-20 -10 -24
-20 -18 -36
-20 -10 -26
-4 -2 36
2 -12 36
0 6 -20
-8 -2 -20
-6 -16 -20
6 -12 -16
8 -6 -32
-8 -6 -26
-10 -8 -32
4 -2 -32
-6 -12 -40
-8 -14 -42
4 6 -14
4 8 -10
-2 8 -14
8 2 -14
8 -12 8
8 -10 12
16 -4 8
-8 -16 10
-32 -22 0
-10 4 -2
12 6 -4
-6 4 -4
0 -12 4
4 -12 2
28 -20 2
2 -14 24
2 -14 26
6 -18 28
6 -18 30
14 -26 42
14 -26 44
12 -16 42
12 -16 44
12 -24 46
-16 -28 50
-16 -28 52
-12 -8 34
-12 -8 36
-16 -28 48
6 -2 48
6 -10 40
-8 -12 46
-4 -8 46
-6 -14 44
-6 -14 42
10 -2 -12
12 6 -6
14 -2 -18
16 -12 -28
18 -20 -34
16 -12 -30
-10 0 -10
-6 4 -6
-10 2 -12
-20 -16 -30
-20 -16 -28
2 -6 48
0 4 44
0 4 42
-2 -18 38
0 -20 38
0 -20 40
-2 -18 40
6 -10 38
4 4 -20
-4 0 -28
-8 -4 -22
-2 -18 -18
-6 -14 -14
8 0 -20
8 -4 -30
8 -4 -28
6 -18 -30
6 -18 -28
-4 0 -30
0 -4 -40
4 -8 -44
4 -8 -42
2 -22 -44
-4 -16 -48
0 -12 -48
0 8 -12
-4 -10 -6
-34 -26 -8
-18 -10 6
8 8 -2
12 4 -2
6 -6 -2
-6 6 -2
-2 2 -2
-28 -20 -2
4 -10 4
-10 6 -4
18 -14 4
-4 -14 2
-10 -4 2
0 -10 2
2 -16 30
2 -16 28
10 -8 36
10 -8 34
12 -14 38
12 -14 40
-16 -26 46
6 -12 42
6 -12 44
-6 0 46
-4 -6 42
-4 -6 44
12 0 -8
18 -6 -20
14 -4 -22
-10 4 0
-28 -30 -50
-12 -2 -12
-14 0 -14
-20 -14 -32
-24 -26 -50
-24 -26 -48
-6 -16 38
-6 -16 40
-8 -2 -18
-6 -16 -18
6 -12 -14
10 -8 -22
8 2 -16
0 -12 6
-10 -12 -36
-10 -12 -34
-4 -22 -36
-4 -22 -34
-2 -4 -42
4 -6 -40
4 -6 -38
4 6 -16
4 8 -8
-2 8 -16
12 -2 12
8 -12 10
16 -6 12
16 -4 10
26 -18 0
-8 -14 12
-8 -16 8
10 -4 -2
-32 -22 -2
8 -8 4
6 -4 -4
-6 -6 2
-2 -2 2
10 -10 38
10 -10 40
-6 -18 34
-12 -12 42
-10 -14 42
8 0 44
8 0 42
-4 -4 44
-4 -4 42
12 0 -12
14 -6 -22
12 2 -10
14 -2 -16
18 -4 -20
20 -12 -30
20 -12 -28
-16 -8 -22
-10 4 -6
-20 -12 -26
-20 -12 -24
2 -10 36
-6 -18 36
4 -20 38
4 -20 40
-6 -14 -20
8 0 -14
-6 -18 -22
4 -4 -40
4 -4 -38
-4 -20 -36
-4 -20 -34
-8 -16 -42
-6 -10 -40
-6 -10 -38
-2 -6 -44
-2 -6 -42
0 -8 -44
4 8 -12
-2 6 -12
12 -2 10
8 -10 8
8 -12 12
16 -6 10
16 -4 12
-8 -14 10
-10 6 -2
12 4 -4
-6 6 -4
-4 -14 4
6 -6 -4
0 -10 4
4 -10 2
-6 -4 2
10 -12 42
16 -22 46
-10 -16 38
-10 -16 40
-12 -10 38
-12 -10 40
-12 -26 46
4 -12 6
24 -22 -42
-6 4 0
-10 2 -8
-16 -2 -12
-20 -18 -38
-28 -26 -46
2 -4 48
0 2 36
6 -8 36
-2 -16 36
0 -22 38
0 -22 40
4 6 -18
-2 8 -18
-8 -2 -16
-8 -10 -12
8 2 -18
8 -6 -30
8 -6 -28
-10 -8 -28
-10 -8 -30
6 -16 -40
-4 -18 -46
0 8 -8
-2 0 0
-10 -2 8
-34 -28 -10
-18 -8 10
6 -4 -2
-28 -22 -2
-18 -12 4
8 -8 2
-10 -6 2
2 -14 28
2 -14 30
12 -16 38
12 -16 40
-16 -28 46
6 -2 46
2 -6 46
6 -10 42
-6 2 46
-4 -8 48
10 -6 0
12 2 -8
14 -2 -14
18 -4 -18
-10 6 0
-4 -14 6
-12 -2 -10
-14 2 -14
-20 -16 -32
-24 -28 -50
-24 -28 -48
-2 -18 44
0 4 38
0 4 40
4 0 36
0 -20 42
-2 -18 42
6 -10 44
-6 -14 38
-6 -14 40
-8 -4 -26
-8 -4 -24
-6 -14 -18
10 -10 -20
6 -10 -14
8 4 -22
8 0 -16
0 -10 6
8 -4 -32
6 -18 -32
-10 -10 -34
-4 0 -32
2 -22 -46
0 10 -6
12 -2 8
8 -10 10
16 -6 8
-8 -16 12
-8 -14 8
-34 -30 -6
2 0 2
28 -22 2
2 -16 24
2 -16 26
12 -14 42
14 -28 44
-16 -26 50
-16 -26 52
-14 -24 42
-14 -24 44
-16 -26 48
2 -8 44
6 -12 40
-8 -10 46
-8 -2 44
-8 -2 42
-4 -6 40
6 -4 0
14 -4 -24
12 4 -6
20 -14 -26
16 -10 -30
16 -10 -28
24 -18 -36
-6 6 -6
-10 0 -12
-10 2 -10
-20 -14 -30
-20 -14 -28
-6 -16 44
-6 -16 42
6 -12 38
4 2 -26
4 2 -24
4 6 -20
-4 2 -30
-4 2 -28
-2 8 -20
10 -8 -24
8 2 -20
10 -8 -26
-4 -22 -40
-4 -22 -38
0 -10 -48
-4 -14 -48
2 -24 -50
2 -24 -48
0 8 -10
-8 -2 -14
-4 -8 -8
10 -2 -10
6 -6 -6
-10 -2 10
-34 -28 -8
-18 -12 6
-18 -8 8
-28 -22 0
12 6 -2
-6 4 -2
4 -12 4
-10 4 -4
12 -12 42
-2 -14 28
-2 -14 30
-16 -24 46
6 2 46
4 -4 42
4 -4 44
-6 -2 46
-2 -6 46
-6 -10 42
10 6 0
8 -8 0
14 2 -14
16 -16 -30
20 -12 -26
20 -12 -24
-8 8 0
-10 -6 0
-14 -2 -14
-12 0 -12
-12 2 -10
-20 -12 -30
-20 -12 -28
2 -18 44
-4 -20 38
2 -18 42
-4 -20 40
6 -14 40
6 -14 38
-6 -10 44
-8 0 -18
-10 -10 -20
-6 -10 -14
6 -14 -18
8 -10 -10
10 -10 -34
-6 -18 -32
-4 -4 -40
-4 -4 -38
4 -20 -34
4 -20 -36
-2 -22 -46
0 -16 -48
-4 8 -12
0 -10 -6
34 -26 -10
-12 -2 10
-18 -14 6
-16 -6 6
4 -14 4
-12 4 -4
18 -10 4
26 -18 4
-4 -10 2
-2 0 2
22 -14 2
-22 -14 2
12 -10 38
12 -10 40
14 -24 42
14 -24 44
12 -26 46
16 -30 46
-2 -16 24
-2 -16 26
-14 -28 44
-2 -8 44
-6 -12 40
6 6 -6
10 0 -12
10 2 -10
22 -22 -36
20 -18 -38
28 -26 -46
-4 -12 6
-6 -4 0
-18 -6 -18
-14 -4 -24
-22 -22 -36
6 -16 44
6 -16 42
-6 -12 38
2 8 -20
-4 6 -18
-10 -8 -24
8 -2 -20
8 -6 -26
-10 -8 -26
-8 -6 -32
0 2 -32
8 -14 -42
0 -22 -36
0 -22 -34
4 -18 -46
-2 -24 -48
-2 -24 -50
-10 -2 -10
-8 2 -14
-6 -6 -6
8 -16 10
10 -2 10
22 -16 6
-8 -12 8
-8 -10 12
-22 -16 6
6 4 -2
28 -22 -2
10 4 -4
6 -18 34
10 -14 42
-12 -16 38
-12 -16 40
-10 -10 38
-10 -10 40
8 -12 46
4 -8 48
4 -14 6
12 -2 -10
16 -8 -20
10 4 -6
20 -16 -32
22 -20 -40
22 -20 -38
-12 2 -8
-14 -6 -22
-14 -2 -16
-18 -20 -34
-22 -20 -40
-22 -20 -38
-4 0 36
-2 -10 36
6 -18 36
-8 0 -20
6 -14 -20
8 -4 -22
6 -18 -22
-8 -4 -30
-8 -4 -28
4 0 -32
6 -10 -40
6 -10 -38
2 -6 -42
2 -6 -44
34 -26 -8
18 -10 6
-12 -2 8
10 6 -2
-8 8 -2
6 6 -4
-6 -6 -4
-18 -14 4
6 -4 2
-28 -22 2
10 -16 38
10 -16 40
-10 -12 42
-12 -14 42
4 -6 40
6 4 0
10 2 -8
16 -10 -26
16 -10 -24
20 -14 -30
20 -14 -28
24 -26 -50
24 -26 -48
-18 -6 -20
-12 4 -6
-20 -14 -26
-2 -4 48
0 -2 36
-6 -8 36
2 -16 36
4 2 -30
4 2 -28
2 8 -18
-4 2 -26
-4 2 -24
-4 6 -20
-8 2 -16
8 -2 -18
10 -8 -30
10 -8 -28
4 -22 -40
4 -22 -38
-6 -16 -40
4 -14 -48
4 -8 -8
2 0 0
8 -14 12
8 -16 8
10 -2 8
28 -22 0
-8 -12 10
-32 -28 -8
-12 6 -2
-6 -4 -2
-4 -12 4
-8 -8 4
0 -10 -4
22 -16 4
-22 -16 4
10 -6 2
12 -12 38
12 -12 40
12 -28 46
-2 -14 24
-2 -14 26
-6 -18 28
-6 -18 30
-14 -26 42
-14 -26 44
6 -14 42
6 -14 44
-8 0 44
-6 -2 48
-8 0 42
-6 -10 40
6 4 -6
10 0 -10
10 2 -12
28 -28 -46
-4 -10 6
-10 -2 -12
-18 -4 -20
-14 -2 -18
-16 -8 -28
-20 -12 -32
0 -8 48
-2 -6 48
-4 4 38
2 -18 38
2 -18 40
-6 -10 38
-4 4 -18
-8 0 -14
2 -18 -18
6 -14 -14
-6 -18 -30
-6 -18 -28
0 0 -32
-4 -4 -36
8 -16 -42
-2 -22 -44
8 -14 10
22 -14 6
28 -20 0
-8 -10 8
-8 -12 12
-22 -14 6
6 6 -2
-6 -6 -2
10 6 -4
10 -4 2
16 -30 50
16 -30 48
-2 -16 28
-2 -16 30
-10 -8 34
-10 -8 36
6 0 46
-6 -12 42
-6 -12 44
10 4 0
14 0 -14
16 -14 -30
16 -14 -28
20 -18 -34
20 -10 -24
20 -18 -36
20 -10 -26
22 -22 -38
22 -22 -40
-12 0 -10
-14 -4 -22
-12 2 -12
-20 -10 -28
-22 -22 -38
-22 -22 -40
-24 -22 -42
4 -2 36
6 -16 40
6 -16 38
0 2 -30
0 2 -28
-8 2 -18
-10 -8 -22
-6 -12 -14
6 -16 -18
8 -10 -12
8 -2 -16
10 -12 -36
10 -12 -34
-8 -6 -30
-8 -6 -28
-4 -2 -32
2 -4 -42
0 -14 -48
2 8 -16
-4 6 -14
-4 8 -10
0 -12 -6
34 -28 -10
18 -8 10
-10 -4 -2
0 -10 -2
-12 6 -4
-6 -4 -4
18 -12 4
6 -6 2
-4 -12 2
-8 -8 2
2 -2 2
22 -16 2
-22 -16 2
-28 -20 2
6 -18 32
12 -8 34
12 -8 36
10 -14 38
10 -14 40
-12 -16 42
-12 -16 44
-12 -24 46
4 -8 46
-10 -10 44
-10 -10 42
6 6 0
10 0 -8
16 -12 -26
16 -12 -24
20 -16 -30
20 -16 -28
22 -20 -36
22 -20 -34
24 -28 -50
24 -28 -48
-6 -6 0
-14 -6 -24
-14 -2 -20
-16 0 -12
-12 6 -6
-18 -4 -18
-22 -20 -36
-22 -20 -34
-14 -6 -26
2 -14 36
4 0 -28
-4 4 -20
-8 0 -16
-8 4 -22
2 -18 -20
6 -14 -16
8 -4 -26
8 -4 -24
6 -18 -26
6 -18 -24
-8 -4 -32
4 0 -30
-6 -14 -40
-4 -8 -44
-4 -8 -42
4 -16 -48
-6 -4 -6
4 -10 -6
2 2 0
-2 -2 0
8 -16 12
8 -14 8
10 -2 12
34 -30 -6
-8 -10 10
-32 -26 -8
-12 4 -2
28 -20 -2
-4 -10 4
22 -14 4
-22 -14 4
4 -14 2
26 -18 2
10 -16 42
-12 -14 38
-10 -12 38
-12 -14 40
-10 -12 40
8 -10 46
8 -2 44
8 -2 42
4 -6 42
4 -6 44
-2 -4 46
28 -30 -50
12 -2 -12
10 6 -6
14 0 -16
16 -10 -22
20 -14 -32
-10 -4 0
-12 0 -8
-24 -18 -36
-2 -12 36
-8 2 -20
-6 -12 -16
6 -16 -20
10 -8 -32
6 -12 -40
4 -22 -36
4 -22 -34
-4 -6 -40
-4 -6 -38
2 8 -14
-4 6 -16
-4 8 -8
0 -10 0
34 -28 -8
18 -12 6
18 -8 8
-12 -2 12
10 4 -2
6 4 -4
6 -14 32
12 -12 34
12 -12 36
10 -18 40
14 -22 40
8 -8 48
4 -12 46
8 -14 6
28 -28 -50
28 -28 -52
12 -8 -20
16 -8 -24
16 -8 -26
22 -24 -40
22 -24 -38
28 -28 -48
-4 -10 10
-14 -6 -16
-22 -24 -40
-22 -24 -38
-24 -24 -44
-24 -24 -42
4 -4 36
2 -18 36
-6 -10 36
-8 0 -26
-4 4 -22
-8 0 -24
-8 4 -20
10 -10 -30
10 -10 -28
2 -18 -22
4 -20 -30
4 -20 -28
-4 -20 -26
0 0 -36
0 0 -34
0 -24 -40
0 -24 -38
-6 -18 -40
-6 -18 -38
-4 -12 -44
6 6 -12
4 -10 -8
6 4 -10
34 -30 -8
-4 -12 14
-12 -6 8
-32 -26 -6
10 2 -2
-10 -2 -2
4 -8 -2
-32 -28 -2
6 2 -4
-8 -10 4
0 -8 -4
2 6 -4
-6 -2 -4
22 -18 4
-22 -18 4
2 -4 2
-24 -22 2
6 -16 34
12 -10 32
-6 -12 32
-10 -8 38
-12 -18 40
8 -6 40
4 -10 48
-6 -4 48
6 0 0
10 6 -8
20 -18 -32
24 -30 -50
-14 -4 -18
-18 -2 -20
-18 -6 -26
-18 -6 -24
0 -6 34
0 -6 36
-2 -8 34
-2 -8 36
4 -2 38
6 -16 36
8 -6 38
-8 2 -22
-10 -8 -18
0 -12 -10
-4 -14 -12
2 -16 -16
6 -16 -22
8 -6 -18
10 -12 -32
6 -8 -38
0 -22 -30
0 -22 -28
-8 -6 -38
-4 -2 -34
-4 -2 -36
6 -8 -40
-2 -24 -42
-6 -20 -44
-6 -20 -42
-4 -10 -46
-2 -24 -44
-4 8 -6
-10 -4 -12
8 -8 -8
2 4 0
4 -14 12
10 -6 8
18 -12 8
18 -8 6
34 -28 -6
-16 -4 8
34 -26 -2
2 -6 4
-24 -20 4
10 -2 2
-10 2 2
16 -28 50
16 -28 52
10 -14 34
10 -14 36
16 -28 48
-6 -14 28
-6 -14 30
-2 -18 24
-2 -18 26
-10 -10 32
8 -4 42
8 -4 44
-6 -6 46
-4 0 42
-4 0 44
-2 -2 46
10 2 0
22 -20 -32
24 -28 -46
-4 -10 8
-8 -10 6
-10 -2 0
-18 -4 -22
-22 -20 -32
-16 -12 -28
-16 -12 -30
0 -12 48
2 2 46
6 -18 42
0 4 -30
0 4 -28
-8 4 -18
-10 -10 -24
4 -12 -12
4 -10 -10
8 -4 -14
-10 -10 -26
-8 -4 -36
-8 -4 -34
4 -16 -46
6 4 -8
4 -8 0
34 -30 -10
22 -18 6
24 -20 0
-4 -12 12
-12 -4 12
-8 -8 12
-12 -6 10
-22 -18 6
-34 -24 -2
8 -14 4
-4 8 -4
34 -28 -4
10 -16 32
6 -12 30
14 -20 42
14 -20 44
16 -26 46
-12 -14 34
-10 -12 34
-10 -12 36
-12 -14 36
-12 -22 46
-6 -8 42
8 -10 0
20 -14 -34
24 -26 -42
24 -26 -44
-14 -4 -20
-18 -2 -18
-4 -14 46
2 -16 44
2 0 48
-4 2 40
-4 2 38
-6 -8 44
-10 -8 -20
2 -16 -14
8 -8 -10
8 -2 -26
8 -2 -24
2 -6 6
-8 -2 -32
4 -22 -32
-2 -20 -48
0 -18 -48
-2 -20 -50
0 -12 -8
6 2 -6
4 -14 14
4 -16 10
10 -4 12
10 -6 10
14 -8 12
18 -12 10
-24 -20 6
-16 -6 12
-16 -4 10
-26 -18 0
6 0 -2
2 4 -2
-28 -26 -2
-32 -26 -4
-8 -12 2
-4 -8 2
12 -12 32
6 -14 34
14 -22 42
10 -18 42
14 -22 44
-12 -20 46
8 -8 46
4 -14 8
6 2 0
16 -8 -22
10 4 -8
-6 -2 0
-14 -6 -20
-12 2 -6
-24 -24 -46
4 -12 48
6 -14 36
8 0 -28
-4 4 -26
-4 4 -24
-8 0 -22
-8 4 -16
2 -14 -16
10 -10 -32
8 0 -30
2 -18 -26
2 -18 -24
4 -20 -32
0 -24 -36
0 -24 -34
-6 -18 -36
-6 -18 -34
-4 -12 -46
-2 -22 -48
-2 -22 -50
0 -8 0
2 -4 6
4 -16 12
10 -4 10
10 -6 12
14 -8 10
18 -10 8
34 -26 -6
-16 -6 10
-16 -4 12
28 -24 -2
-34 -24 -4
8 -14 2
-10 0 2
6 -16 32
12 -10 34
12 -10 36
-6 -12 34
-12 -18 42
-16 -22 46
-12 -18 44
8 -6 44
4 -2 42
4 -2 44
4 -10 46
8 -6 42
-10 -8 42
-10 -8 44
-6 -4 46
28 -26 -52
28 -26 -50
10 2 -6
16 -2 -12
20 -18 -30
28 -26 -48
-4 -12 10
-14 -4 -14
-12 4 -8
-18 -6 -22
-6 -12 36
-8 2 -26
-8 2 -24
-4 6 -22
2 -16 -20
8 -6 -14
6 -16 -26
6 -16 -24
10 -12 -28
10 -12 -30
-8 -6 -36
-8 -6 -34
0 2 -34
-4 -2 -38
0 -22 -32
-4 -10 -44
-4 -10 -42
4 -18 -48
-2 -24 -46
-6 -20 -46
6 6 -10
4 -12 -8
4 -8 -6
6 4 -12
24 -22 0
-12 -6 12
-8 -8 10
-32 -28 -6
10 0 -2
-32 -26 -2
6 0 -4
-8 -12 4
10 -14 32
16 -28 46
-2 -18 28
-2 -18 30
-10 -10 34
-10 -10 36
-14 -30 44
8 -4 40
-6 -6 48
4 -14 10
8 -12 0
10 4 -10
20 -16 -36
20 -16 -34
20 -8 -26
20 -8 -24
24 -28 -44
-14 -6 -18
0 -12 46
-2 -2 48
-4 0 38
0 -4 36
6 -18 38
6 -18 40
-10 -10 -22
2 -14 -14
8 -8 -12
0 -20 -28
4 0 -34
4 -24 -40
-6 -22 -42
-8 4 -14
0 -10 -8
4 -16 14
10 -4 8
14 -8 8
18 -10 10
28 -24 0
-18 -14 8
-16 -6 8
6 2 -2
-6 -2 -2
2 6 -2
0 -8 -2
10 2 -4
4 -8 -4
2 -4 4
-24 -22 4
-32 -28 -4
-8 -10 2
22 -18 2
-22 -18 2
16 -26 50
16 -26 52
10 -16 34
14 -20 40
16 -26 48
-6 -16 28
-12 -14 32
-10 -12 32
-6 -16 30
-4 2 44
-6 -8 40
10 0 0
24 -26 -46
-8 -12 6
-14 -4 -16
-12 4 -10
-16 -10 -30
-16 -10 -28
0 -10 48
2 0 46
-4 2 42
4 -6 36
-6 -8 38
-8 -2 -28
2 -16 -18
4 -12 -10
8 -6 -16
8 -2 -22
-10 -12 -26
-10 -12 -24
-6 -16 -28
-8 -2 -30
4 -14 -46
6 6 -8
-6 -6 -8
-12 -4 8
-8 -8 8
-32 -26 0
-12 2 -4
34 -26 -4
6 -2 2
2 -6 2
-28 -24 2
-24 -20 2
14 -22 46
-8 -16 32
-12 -20 42
-12 -20 44
8 -8 44
8 -8 42
-10 -6 42
-10 -6 44
12 -4 -18
18 -8 -28
22 -16 -34
22 -24 -46
-6 -10 0
-18 -8 -22
-14 -10 -26
-14 -10 -24
-22 -16 -34
-22 -24 -46
2 6 -24
6 2 -26
6 2 -24
-10 -6 -14
-4 -16 -16
2 -14 -12
8 -8 -14
6 -6 -36
8 -16 -32
-8 -16 -24
-2 -22 -32
-8 -16 -26
-8 -8 -36
-8 -8 -34
2 -2 -36
2 -2 -34
2 -10 -46
4 -20 -48
0 -24 -46
-6 -18 -46
2 8 -6
-8 4 -12
-6 -8 -10
8 -2 -6
4 -4 0
-2 -14 14
-2 -16 10
-12 -8 12
-30 -24 0
-8 0 -4
32 -24 -4
10 -12 2
20 -18 2
4 -18 26
8 -14 30
10 -20 42
-8 -14 34
-8 -14 36
-14 -12 36
-16 -22 42
-16 -22 44
8 -6 46
4 -2 46
4 -10 42
4 -10 44
-6 -4 42
2 -10 10
16 -2 -16
16 -6 -22
26 -22 -42
-8 2 0
-14 -8 -20
-18 -14 -34
-4 -18 36
-6 -4 44
2 4 -22
-10 -4 -20
-8 -14 -22
-2 -12 -12
8 -14 -30
8 -14 -28
2 -20 -26
2 -20 -24
-4 -18 -22
-6 -20 -36
-6 -20 -34
-2 -24 -36
0 -22 -50
6 4 -16
8 -4 -10
-2 -8 0
2 -12 14
14 -4 12
10 -8 12
14 -6 10
20 -16 8
-16 -8 10
-26 -22 0
30 -26 -2
-6 -14 4
-4 6 -4
8 0 2
-4 -4 2
26 -24 2
8 -12 32
14 -18 40
16 -28 44
-14 -30 46
-18 -28 46
-4 0 48
-6 -6 40
6 -12 6
12 -4 -20
16 -4 -24
-8 6 -8
-26 -28 -44
-4 -16 44
-2 -10 48
2 -14 46
2 2 40
2 2 38
4 -8 36
-4 -16 42
-6 -6 38
6 6 -18
-6 2 -28
-10 -2 -22
-10 -6 -16
8 -12 -24
8 -8 -16
6 -2 -30
8 -12 -26
-8 -12 -32
4 -24 -42
-6 -22 -40
-6 -22 -38
4 -24 -44
-4 6 -6
-6 -8 -8
-2 -14 12
-20 -10 8
-4 4 -2
4 -4 -2
-30 -24 -2
-8 -2 2
2 -8 2
-24 -18 2
8 -10 34
8 -10 36
-18 -26 48
-6 -8 48
-4 2 46
2 -10 8
16 -2 -14
22 -18 -30
20 -6 -24
-6 -14 6
-22 -18 -30
-18 -18 -32
-26 -26 -46
-2 -12 46
0 -2 48
2 0 44
-2 -4 36
6 -20 38
6 -20 40
-10 -4 -18
-4 -14 -18
8 -10 -22
8 -6 -12
6 -4 -38
-2 -20 -30
-2 -20 -28
-6 0 -32
8 -18 -38
8 -18 -40
-8 0 -6
-2 -10 -8
8 -4 -8
6 4 -14
2 -12 12
14 -6 8
30 -26 0
32 -24 -6
-16 -12 6
-16 -8 8
-8 2 -2
-2 -8 -2
-26 -22 -2
8 -2 -4
2 8 -4
4 -6 -4
6 -10 2
22 -20 2
-22 -20 2
8 -16 30
-8 -16 34
-14 -10 36
-12 -20 40
4 -12 42
4 -12 44
8 -8 40
2 -12 10
6 -14 0
12 -4 -14
14 4 -10
22 -24 -42
22 -24 -44
-8 0 0
-18 -16 -34
-18 -16 -36
-18 -8 -26
-18 -8 -24
-24 -24 -40
-24 -24 -38
-22 -24 -42
-22 -24 -44
-2 -6 36
0 -8 34
-6 -2 36
0 -8 36
8 -8 38
2 6 -22
6 2 -22
-8 -16 -22
-10 -6 -18
-4 -16 -20
-2 -12 -10
4 -12 -14
8 -8 -18
8 -4 -12
6 -6 -38
8 -16 -30
8 -16 -28
-2 -22 -30
-2 -22 -28
-8 -8 -38
2 -2 -40
2 -2 -38
6 -6 -40
-6 -18 -44
-6 -18 -42
2 -10 -44
0 -24 -44
0 -24 -42
-2 -14 -46
6 6 -16
8 -6 -8
14 -4 8
10 -8 8
20 -18 6
20 -14 8
32 -24 0
-26 -20 -2
-4 4 -4
2 -8 4
-24 -18 4
-30 -24 -4
8 2 2
4 -18 30
4 -18 28
-4 -18 32
-8 -14 32
8 -6 48
4 -2 48
-6 -4 40
12 -6 -20
16 -2 -20
16 -6 -26
16 -6 -24
-2 -14 10
-6 -12 0
-26 -30 -52
-26 -30 -50
-10 -4 -16
-8 4 -10
-14 -12 -26
-6 -4 38
2 -20 36
2 4 -26
2 4 -24
6 0 -26
6 4 -20
-4 -14 -16
2 -14 -10
8 -14 -32
2 -20 -22
4 -18 -28
-4 -18 -26
-4 -18 -24
-8 -14 -26
-8 -14 -24
-2 0 -36
-2 0 -34
6 -8 -42
-6 -20 -38
-2 -24 -40
-2 -24 -38
-6 -20 -40
2 -12 -46
-2 -16 14
-12 -8 8
8 -2 -2
4 -6 -2
6 -10 4
-8 2 -4
-2 -8 -4
22 -20 4
-22 -20 4
10 -10 2
30 -24 2
8 -12 34
8 -12 36
14 -18 42
14 -18 44
-18 -28 50
-8 -12 30
-16 -20 42
-16 -20 44
-14 -30 48
-14 -30 50
-18 -28 48
8 -4 46
-4 0 46
-2 -2 44
-6 -6 42
2 -12 8
12 -4 -16
14 4 -8
16 -4 -22
20 -24 -40
20 -24 -38
-10 -10 0
-8 2 -6
-26 -28 -46
2 2 44
2 2 42
-6 -6 44
-10 -6 -20
-4 -16 -18
8 -12 -22
8 -8 -20
2 -8 6
6 -2 -32
-8 -12 -30
-8 -12 -28
-6 -22 -36
-2 -18 -48
0 -20 -50
0 -20 -48
6 6 -14
-2 -12 -8
-2 -8 -6
8 -6 -10
14 -4 10
14 -6 12
10 -8 10
-16 -10 6
-24 -18 6
-26 -20 0
-8 0 -2
32 -24 -2
20 -18 4
6 -12 2
-4 -6 2
8 -10 32
16 -26 42
16 -26 44
14 -20 46
-12 -22 42
-12 -22 44
-18 -26 46
-6 -8 46
-10 -4 42
-10 -4 44
6 -10 6
8 -2 0
12 -6 -18
16 -2 -18
22 -18 -32
24 -26 -40
-2 -14 8
-10 -4 -14
-8 4 -8
-22 -18 -32
-26 -26 -42
-26 -26 -44
-4 -14 44
-2 -12 48
2 -16 46
2 0 38
6 4 -18
-6 0 -28
-2 4 -28
-4 -14 -14
8 -10 -24
6 -4 -36
6 -4 -34
8 -18 -34
-2 -20 -32
-8 -10 -32
-6 0 -30
8 -18 -36
4 -22 -48
4 -6 0
22 -20 6
24 -18 0
-2 -16 12
-12 -8 10
-22 -20 6
-20 -12 8
-4 6 -2
30 -26 -4
-6 -14 2
14 -14 42
-14 -10 38
-14 -26 46
6 -14 46
4 -4 48
-6 -10 48
-8 0 46
2 -12 6
16 -4 -20
20 -20 -36
20 -20 -34
22 -16 -30
26 -24 -46
-8 2 -8
-10 -2 -16
-16 0 -14
-22 -16 -30
-18 -16 -32
6 2 40
-6 -2 38
6 2 38
-8 -16 40
-6 -2 40
2 6 -18
-2 2 -30
-2 2 -28
-10 -6 -22
8 -12 -20
-8 -8 -30
8 -16 -40
8 -16 -38
-2 -22 -38
-2 -22 -40
4 -20 -44
4 -20 -42
-2 -14 -48
10 -12 10
-6 -14 12
-16 -10 8
8 -4 -2
-4 0 -2
20 -14 4
6 -8 2
-8 -6 2
30 -22 2
14 -16 40
-14 -28 50
-14 -28 52
-14 -28 48
6 0 42
6 0 44
-6 -12 46
-8 -14 44
-8 -14 42
6 -10 8
12 -2 -14
14 2 -8
22 -14 -32
22 -22 -42
-2 -14 6
-8 4 -6
-18 -14 -30
-18 -14 -28
-22 -14 -32
-24 -22 -38
-22 -22 -42
-24 -22 -40
0 -6 48
-2 -8 48
2 4 44
2 4 42
-6 -4 36
4 -10 36
2 -20 38
2 -20 40
-4 -18 42
-4 -18 44
8 -10 -16
8 -14 -34
-6 -20 -30
-6 -20 -28
-2 0 -32
2 -4 -40
2 -4 -38
8 -14 -36
2 -12 -48
2 8 -12
-6 -10 -8
8 -2 -12
6 -12 12
14 -2 8
32 -22 0
-12 -12 10
-10 -14 10
-20 -12 6
-8 6 -2
-6 -8 -2
-30 -22 -4
2 -10 2
-24 -16 2
4 -16 26
-12 -24 42
-12 -24 44
4 -8 42
4 -8 44
8 -12 40
8 -4 0
10 2 -14
16 -4 -18
18 -12 -32
-26 -28 -52
-26 -28 -50
-10 -2 -14
-8 2 -10
-12 0 -18
-16 0 -16
-18 -12 -26
-18 -12 -24
-24 -20 -36
-26 -28 -48
0 -12 36
-4 -16 36
8 -12 38
2 2 -26
2 6 -20
-8 -16 -20
8 -12 -18
6 -2 -34
-4 -16 -22
6 -2 -36
-8 -12 -40
-8 -12 -38
-6 -14 -44
-6 -14 -42
-4 -8 -40
-8 0 -12
8 -6 -6
-4 0 0
-2 -10 0
10 -12 8
10 -10 12
20 -14 6
-6 -16 10
-16 -10 10
-8 4 -4
26 -22 4
4 -14 30
4 -14 28
-4 -14 32
-8 -18 32
8 -10 44
8 -2 46
8 -10 42
4 -6 46
-2 -4 44
6 -10 10
10 8 0
16 -6 -16
12 -2 -16
12 -6 -22
14 0 -12
14 2 -10
22 -18 -34
18 -10 -30
18 -10 -28
22 -18 -36
20 -22 -38
20 -22 -40
-8 6 0
-6 -8 0
-14 -2 -10
-12 2 -14
-22 -18 -34
-18 -10 -22
-14 -8 -24
-14 -8 -26
-22 -18 -36
2 0 36
6 4 -22
-10 -4 -26
-10 -4 -24
-8 -14 -16
-6 -12 -12
-6 -10 -10
8 -10 -14
6 -4 -32
8 -18 -32
-8 -10 -36
-8 -10 -34
6 -12 -42
6 -12 -44
-6 -16 -46
-4 -6 -42
2 -8 -46
4 -22 -46
-4 6 -12
0 -2 0
14 -2 10
-10 -16 12
-10 -14 8
-12 -12 8
-12 -10 12
32 -22 -2
-20 -12 4
20 -16 2
26 -20 2
14 -14 38
14 -14 40
-14 -26 52
-16 -24 42
-16 -24 44
-14 -26 48
-14 -26 50
6 2 44
4 -4 46
-6 -10 46
-6 -2 42
-2 -6 44
6 -12 8
14 0 -8
16 -4 -16
12 -4 -22
22 -16 -32
20 -20 -40
20 -20 -38
26 -24 -42
26 -24 -44
-8 6 -6
-12 0 -16
-18 -16 -30
-22 -16 -32
-6 -2 44
6 2 42
4 -12 36
-10 -6 -26
-10 -6 -24
-10 -2 -20
8 -12 -16
0 -24 -50
8 -16 -34
-8 -8 -32
-2 2 -32
8 -16 -36
-2 -22 -36
-2 -22 -34
4 -20 -46
0 -24 -48
2 6 -14
2 8 -10
-4 6 -8
-6 -8 -6
8 -2 -10
14 -2 12
-10 -16 10
-12 -10 10
-20 -10 6
-26 -24 0
-4 -2 2
26 -22 2
12 -26 44
14 -16 42
14 -24 46
16 -30 44
-14 -12 38
-14 -12 40
-14 -28 46
-2 -8 46
2 -10 6
8 -6 0
16 -6 -18
10 0 -16
12 -2 -18
18 -14 -26
22 -14 -30
-6 -14 8
-10 -8 0
-8 0 -8
-18 -14 -32
-22 -14 -30
-24 -22 -36
-6 -12 48
2 4 40
2 4 38
6 0 38
-4 -18 38
2 -20 42
-4 -18 40
6 0 40
-8 -14 40
-8 -14 -18
8 -10 -20
-6 -20 -32
-2 0 -30
8 -14 -40
8 -14 -38
-2 -16 -48
-2 -10 -6
8 -4 -6
4 -2 0
-6 -16 12
-16 -12 8
-16 -8 6
-24 -16 6
-30 -22 0
-4 2 -2
20 -16 4
26 -20 4
0 0 2
4 -16 30
4 -16 28
-4 -16 32
8 -12 44
8 -12 42
6 -12 10
14 0 -10
16 -4 -14
14 2 -12
18 -12 -28
18 -12 -30
-8 4 0
-18 -8 -20
-14 -2 -12
-12 0 -14
-24 -20 -40
-24 -20 -38
0 -4 48
-2 -2 36
-6 -6 36
2 2 36
2 -22 38
-10 -2 -18
-6 -10 -12
-6 -12 -10
8 -12 -14
10 -6 -30
10 -6 -28
-8 -12 -34
-8 -12 -36
6 -10 -44
6 -10 -42
-6 -14 -46
2 -6 -40
2 6 -16
2 8 -8
-4 6 -10
8 -2 -8
-10 -14 12
-10 -16 8
-12 -10 8
-12 -12 12
-26 -24 -2
-2 -10 -4
8 -4 -4
10 -8 2
20 -14 2
4 -14 26
8 -18 30
8 -10 40
4 -6 48
16 -6 -20
10 0 -14
12 -2 -20
20 -22 -36
22 -18 -38
-6 -14 10
-26 -26 -52
-14 -8 -22
-8 0 -10
-18 -10 -24
-18 -18 -34
-18 -18 -36
-18 -10 -26
-22 -18 -38
-26 -26 -50
-26 -26 -48
0 -10 36
0 -10 34
-4 -14 36
8 -10 38
6 4 -24
-10 -4 -22
-8 -14 -20
-4 -18 -20
8 -10 -18
8 -18 -30
8 -18 -28
6 -12 -46
4 -22 -42
-6 -16 -44
-6 -16 -42
-8 -10 -40
-8 -10 -38
2 -8 -44
2 -8 -42
4 -22 -44
-8 2 -12
-4 2 0
10 -10 8
10 -12 12
20 -16 6
-6 -16 14
-16 -12 10
6 8 -2
8 -6 -2
-30 -22 -2
-8 6 -4
-6 -8 -4
2 -10 4
-24 -16 4
-8 -4 2
