
18 8 76
18 8 78
18 8 80
2 14 110
2 14 112
18 24 0
18 30 8
10 38 68
10 38 70
10 38 72
10 38 74
6 42 58
6 42 60
10 38 14
14 2 14
18 2 6
18 32 18
18 16 38
18 16 40
16 32 52
16 8 46
16 32 48
12 36 50
4 4 46
6 2 18
10 2 20
12 36 48
18 8 22
12 36 52
14 2 68
14 2 70
14 2 72
14 2 74
14 38 20
16 32 50
0 32 104
18 24 54
18 24 56
18 24 58
18 24 60
-6 38 52
-2 2 90
-18 8 96
-18 8 98
-18 8 100
-18 16 18
-16 36 12
-10 2 38
-10 2 40
-2 2 34
-2 2 36
-18 32 38
-18 32 40
-14 38 38
-6 38 48
-6 38 50
-18 8 42
-2 2 92
-2 2 94
-18 8 44
-14 38 40
-10 26 106
-18 24 66
-18 24 62
-18 24 64
-18 8 102
18 8 -90
2 14 -110
2 14 -112
18 20 -12
18 22 -10
16 16 -106
16 16 -104
16 16 -102
10 38 -100
10 38 -98
10 38 -96
6 42 -60
6 42 -58
18 8 -94
18 8 -92
18 16 -18
14 2 -42
8 2 -8
10 38 -44
10 38 -42
6 2 -40
6 2 -38
14 2 -44
18 32 -40
18 32 -38
18 8 -36
16 16 -44
18 8 -34
10 38 -104
10 38 -102
8 24 -106
16 16 -42
18 24 -60
18 24 -58
18 24 -56
18 24 -54
14 2 -104
14 2 -102
14 2 -100
14 2 -98
14 2 -96
14 2 -106
-18 8 -74
-18 8 -72
-18 8 -70
-18 8 -68
-6 38 -62
-6 38 -66
-6 38 -64
-2 2 -80
-2 2 -78
-2 2 -76
-14 2 -12
-18 32 -18
-18 8 -14
-18 16 -40
-18 16 -38
-18 24 -52
-16 32 -52
-16 32 -48
-12 36 -46
-4 4 -44
-18 24 -48
-10 2 -18
-2 2 -22
-6 2 -16
-4 4 -42
-10 38 -12
-14 38 -18
-16 32 -50
-18 24 -50
-18 4 -12
-18 6 -10
0 62 -24
4 60 -14
2 46 -14
0 54 -6
6 42 0
16 36 -2
-18 28 -2
-2 38 -2
18 26 2
-16 34 2
18 18 102
4 38 90
4 38 92
4 38 94
8 2 52
18 18 100
8 2 50
18 34 22
18 18 42
16 2 32
16 34 46
12 38 46
8 2 48
4 38 34
4 38 36
18 10 26
18 10 24
18 2 62
18 2 64
18 2 66
6 38 8
0 42 76
0 42 78
0 42 80
18 34 76
18 34 78
18 34 80
14 36 16
6 16 110
18 18 44
18 4 8
18 6 12
18 18 96
18 18 98
-18 24 6
-18 20 8
-18 22 12
-12 38 68
-12 38 70
-12 38 72
-12 38 74
-18 34 44
-8 2 68
-8 2 70
-8 2 72
-8 2 74
-18 18 22
-8 38 20
-4 38 24
-4 38 26
-12 38 14
-18 34 100
-18 2 0
-8 2 14
-14 36 44
-12 2 20
-16 2 18
-6 36 46
-18 2 54
-18 2 56
-18 2 58
-18 2 60
-14 36 100
-14 36 102
-18 34 42
-14 36 42
-14 36 96
-18 34 96
-18 34 98
-14 36 98
-6 28 106
-18 10 32
-18 18 78
-18 18 80
-18 18 76
18 18 -14
8 2 -66
8 2 -64
8 2 -62
4 38 -22
8 38 -16
16 2 -26
16 18 -46
18 34 -36
18 34 -34
12 2 -20
2 36 -48
2 36 -50
16 2 -24
2 36 -52
10 36 -46
18 2 -48
18 2 -52
18 2 -50
18 34 -90
18 34 -92
18 34 -94
6 16 -110
18 10 -32
18 18 -74
18 18 -72
18 18 -70
18 18 -68
-12 38 -100
-18 30 -12
-12 38 -98
-12 38 -96
-16 2 -40
-16 2 -38
-18 34 -14
-14 36 -14
-12 38 -44
-12 38 -42
-8 2 -42
-16 10 -42
-16 10 -44
-18 18 -36
-8 2 -44
-18 18 -34
-4 38 -32
-18 10 -26
-18 10 -24
-18 2 -60
-18 2 -58
-18 2 -56
-18 2 -54
-12 38 -104
-12 38 -102
-6 38 -8
-8 2 -106
-8 2 -104
-8 2 -102
-8 2 -100
-8 2 -98
-8 2 -96
-18 34 -74
-18 34 -72
-18 34 -70
-18 34 -68
-14 36 -68
-14 36 -74
-14 36 -72
-14 36 -70
-4 30 -106
-4 30 -104
-18 18 -94
-18 18 -92
-16 10 -106
-16 10 -104
-16 10 -102
-18 18 -90
-14 62 -20
4 56 -10
-4 42 -16
2 42 -10
4 2 -2
18 28 4
0 2 -4
-18 26 -4
2 38 2
18 30 10
10 2 76
10 2 78
10 2 80
0 4 52
14 2 12
16 36 0
18 32 16
16 4 42
2 2 26
0 4 48
0 4 50
18 20 46
2 2 24
10 2 22
6 2 16
16 4 44
18 8 20
18 12 82
18 12 84
18 12 86
18 12 88
10 38 12
4 40 84
14 38 22
16 36 54
16 36 56
16 36 58
16 36 60
14 38 76
14 38 78
14 38 80
10 18 108
10 18 110
18 12 28
18 12 30
18 28 62
18 28 64
18 28 66
16 4 102
16 4 104
-18 28 0
-2 38 54
-2 38 56
-2 38 58
-16 36 14
-6 2 42
-18 4 46
-18 12 36
-6 2 44
-10 38 46
-14 2 46
-2 38 0
-6 2 96
-6 2 98
-6 2 100
-6 2 102
-6 2 104
-6 2 106
-16 36 68
-16 36 70
-16 36 72
-16 36 74
-18 12 34
-18 16 16
-18 28 58
-18 28 60
-18 28 54
-18 28 56
-18 12 92
-18 12 94
-12 24 106
-14 10 106
-14 10 104
-18 12 90
18 22 -8
10 2 -90
18 16 -20
0 2 -6
8 2 -10
2 2 -32
10 2 -36
10 2 -34
18 28 -52
18 4 -46
18 28 -48
14 38 -36
14 38 -34
6 38 -46
18 12 -84
18 12 -82
18 12 -88
18 12 -86
2 42 -66
2 42 -64
2 42 -62
10 2 -94
10 2 -92
4 40 -84
14 38 -94
14 38 -92
14 38 -90
16 36 -60
16 36 -58
16 36 -56
16 36 -54
10 18 -110
10 18 -108
18 12 -30
18 12 -28
18 28 -50
-18 26 -6
-2 38 -54
-2 38 -58
-2 38 -56
-6 2 -74
-6 2 -72
-6 2 -70
-6 2 -68
-18 32 -20
-6 2 -14
-18 8 -16
-18 20 -46
-10 2 -20
-16 36 -44
-16 12 -46
-18 12 -80
-18 12 -78
-18 12 -76
-16 36 -100
-16 36 -42
-16 36 -98
-16 36 -96
-14 38 -20
-8 28 -106
-18 12 -22
-18 28 -60
-18 28 -58
-18 28 -56
-18 28 -54
-18 6 -8
-8 64 -20
-4 64 -22
4 62 -22
4 60 -16
-4 40 -24
18 24 -2
6 42 -2
18 2 4
-4 2 2
8 6 110
-6 8 108
-6 8 110
8 6 -110
-6 8 -110
-6 8 -108
16 30 104
16 30 106
16 30 102
-18 22 -106
-18 22 -104
18 28 6
8 6 108
4 2 108
8 38 96
8 38 98
8 38 100
4 2 54
4 2 56
4 2 58
4 2 60
12 2 38
12 2 40
18 34 20
4 2 0
8 38 42
8 38 44
18 14 32
18 22 52
18 6 14
18 22 48
16 30 44
0 38 32
8 38 104
8 38 102
6 38 10
4 34 104
14 36 18
10 24 106
16 30 42
18 22 50
18 6 68
18 6 70
18 6 72
18 6 74
18 4 10
12 26 106
-18 20 10
-18 22 14
-2 12 112
-8 38 76
-8 38 78
-8 38 80
-12 2 76
-12 2 78
-12 2 80
-6 40 68
-6 40 70
-6 40 72
-6 40 74
-18 18 20
-8 38 22
-12 38 12
-8 2 12
-16 14 52
-16 14 48
-16 14 50
-18 30 46
-18 14 24
-12 2 22
-10 36 48
-10 36 50
-16 2 16
-18 14 26
-10 36 52
-18 6 52
-8 22 108
-18 22 70
-18 22 72
-18 22 74
-18 22 68
-18 6 50
-18 6 48
-12 18 108
-12 18 110
14 28 -104
14 28 -102
4 2 -108
8 6 -108
8 38 -74
8 38 -72
8 38 -70
8 38 -68
4 2 -60
4 2 -58
4 2 -56
4 2 -54
18 6 -100
18 6 -98
18 6 -96
0 38 -26
0 38 -24
8 38 -14
12 38 -12
16 34 -12
6 36 -42
16 14 -52
16 14 -48
16 14 -50
18 30 -46
14 36 -38
18 14 -24
12 2 -18
6 36 -44
18 14 -26
18 6 -42
14 36 -40
6 36 -104
2 32 -104
18 18 -16
18 22 -66
18 22 -64
18 22 -62
18 6 -44
18 6 -102
14 28 -106
-18 22 -102
-2 12 -112
-8 38 -94
-8 38 -92
-8 38 -90
-12 2 -90
-18 22 -100
-18 34 -16
-18 14 -32
-12 2 -36
-12 2 -34
-18 22 -42
-12 34 -50
-8 38 -36
-8 38 -34
-6 38 -10
-4 42 -74
-4 42 -72
-4 42 -70
-4 42 -68
-12 2 -94
-12 2 -92
-12 34 -52
-14 36 -16
-12 34 -48
-8 22 -108
-18 22 -44
-18 6 -66
-18 6 -64
-18 6 -62
-18 22 -98
-18 22 -96
-12 18 -108
-12 18 -110
14 64 -20
4 56 -8
2 44 -12
-4 42 -14
2 42 -8
6 40 -12
-18 2 -2
-18 24 4
-6 42 2
-18 32 104
-18 32 106
-16 24 104
-16 24 106
16 8 52
18 26 6
18 16 102
6 2 76
6 2 78
6 2 80
18 16 100
4 4 52
18 32 22
18 16 42
16 8 48
16 8 50
12 36 46
4 4 48
4 4 50
16 32 46
6 2 22
10 2 16
18 8 18
6 38 12
0 40 84
18 32 76
18 32 78
18 32 80
14 38 16
6 18 108
6 18 110
18 16 44
18 4 12
18 6 8
18 16 96
18 16 98
12 28 106
12 28 104
-18 20 12
-18 22 8
-16 24 102
-18 32 42
-18 32 44
-18 32 100
-18 16 22
-16 34 6
-12 38 10
-8 2 10
-10 2 42
-2 2 32
-18 8 38
-10 2 44
-16 24 44
-6 38 46
-2 42 68
-2 42 70
-2 42 72
-2 42 74
-18 8 40
-10 2 96
-10 2 98
-10 2 100
-10 2 102
-10 2 104
-10 2 106
-2 10 112
-2 10 110
-14 38 100
-14 38 42
-14 38 96
-14 38 98
-18 32 102
-16 24 42
-18 16 76
-18 16 78
-18 16 80
-18 32 96
-18 32 98
-14 6 108
18 16 -14
14 26 -104
2 38 -52
6 2 -90
16 34 -8
12 38 -8
4 2 -6
6 2 -34
6 2 -36
18 32 -36
18 8 -38
16 16 -46
2 38 -48
2 38 -50
10 38 -46
14 2 -46
18 32 -34
18 8 -40
6 2 -94
6 2 -92
0 40 -84
18 32 -90
6 18 -110
6 18 -108
18 16 -74
18 16 -72
18 16 -70
18 16 -68
18 32 -94
18 32 -92
14 26 -106
-16 8 -52
-18 30 -10
-10 2 -74
-10 2 -72
-10 2 -70
-10 2 -68
-14 38 -14
-18 32 -14
-10 2 -14
-12 36 -42
-18 16 -34
-2 2 -26
-16 8 -48
-16 8 -50
-18 16 -36
-12 36 -44
-4 4 -46
-6 2 -20
-2 2 -24
-18 8 -18
-2 10 -112
-2 10 -110
-12 36 -102
-12 36 -100
-18 32 -74
-18 32 -72
-18 32 -70
-18 32 -68
-12 36 -104
-14 38 -74
-14 38 -72
-14 38 -70
-14 38 -68
-18 16 -94
-18 16 -92
-14 6 -108
-18 16 -90
0 62 -22
4 56 -12
8 62 -18
4 58 -16
2 42 -12
6 40 -8
-4 2 4
18 24 -4
6 42 -4
18 2 2
-2 40 2
-10 8 108
-10 8 110
-10 8 -110
-10 8 -108
20 30 104
-20 22 104
18 10 82
18 10 84
18 10 86
18 10 88
18 30 12
0 2 108
12 38 52
0 2 54
0 2 56
0 2 58
0 2 60
14 2 10
18 34 18
0 2 0
18 18 38
18 18 40
16 2 34
16 2 36
16 34 48
16 34 50
12 38 50
8 2 46
4 38 32
12 38 48
16 34 52
16 2 90
2 38 6
10 38 10
0 34 104
14 36 20
6 24 106
18 10 28
18 10 30
18 26 62
18 26 64
18 26 66
16 2 94
16 2 92
-18 10 90
-18 26 0
-18 18 18
-8 38 16
-16 36 8
-18 10 36
-4 38 30
-4 38 28
-18 34 38
-14 36 38
-12 2 16
-6 36 48
-6 36 50
-16 2 22
-6 36 52
-16 2 76
-16 2 78
-16 2 80
-4 38 84
-4 38 86
-4 38 88
-18 34 40
-14 36 40
-16 34 62
-16 34 64
-16 34 66
-18 10 34
-18 26 54
-18 26 56
-18 26 58
-18 26 60
-18 10 92
-18 10 94
-14 12 106
18 10 -88
18 10 -86
18 10 -84
18 10 -82
18 20 -10
18 22 -12
16 18 -106
16 18 -104
16 18 -102
0 2 -108
12 38 -66
12 38 -64
12 38 -62
0 2 -60
0 2 -58
0 2 -56
0 2 -54
6 40 -66
6 40 -64
6 40 -62
18 18 -18
4 38 -26
4 38 -24
8 38 -20
16 36 -6
10 36 -42
18 26 -52
18 26 -48
16 18 -44
18 34 -38
12 2 -16
10 36 -44
16 2 -22
16 2 -80
16 2 -78
16 2 -76
18 34 -40
10 36 -104
16 34 -66
16 34 -64
16 34 -62
16 18 -42
18 10 -30
18 10 -28
18 26 -50
-18 10 -80
-18 10 -78
-18 10 -76
-18 28 -6
-14 2 -10
-18 34 -18
-18 18 -40
-18 18 -38
-16 2 -36
-16 2 -34
-16 34 -48
-16 34 -50
-12 38 -46
-8 2 -46
-4 38 -30
-4 38 -28
-16 10 -46
-16 34 -52
-18 10 -22
-16 2 -90
-10 38 -10
-2 38 -6
-4 38 -88
-4 38 -86
-4 38 -84
-14 36 -18
-8 26 -106
-18 26 -60
-18 26 -58
-18 26 -56
-18 26 -54
-18 4 -10
-18 6 -12
-16 2 -94
-16 2 -92
-14 60 -22
0 56 -8
0 52 -6
-4 42 -20
-18 2 -4
-18 24 2
8 4 108
8 4 110
8 4 -110
8 4 -108
12 8 108
12 8 110
6 38 68
6 38 70
6 38 72
6 38 74
2 2 82
2 2 84
2 2 86
2 2 88
6 38 14
18 32 20
8 36 42
2 2 28
2 2 30
18 20 52
18 4 14
18 8 16
0 4 46
18 20 48
6 2 20
10 2 18
8 36 44
18 12 26
8 36 104
14 38 18
4 32 104
14 14 106
18 20 50
18 12 24
18 4 72
18 4 74
18 4 68
18 4 70
18 6 10
-18 20 14
-18 22 10
-10 38 52
-6 42 62
-6 42 64
-6 42 66
-18 16 20
-12 38 8
-4 2 6
-8 2 8
-6 2 38
-6 2 40
-10 38 48
-10 38 50
-14 2 48
-14 2 50
-18 4 48
-18 4 50
-18 4 52
-14 2 52
-6 26 106
-4 24 108
-2 30 104
-2 30 106
-8 20 108
-18 12 32
-18 20 74
-18 20 68
-18 20 70
-18 20 72
-12 16 108
-12 16 110
12 8 -110
12 8 -108
6 38 -96
6 38 -100
6 38 -98
2 2 -86
2 2 -84
2 2 -82
2 2 -88
18 4 -100
18 4 -98
18 4 -96
16 34 -10
12 38 -10
6 38 -44
6 38 -42
10 2 -40
10 2 -38
2 2 -30
2 2 -28
18 4 -42
14 38 -38
18 4 -44
6 38 -104
6 38 -102
14 38 -40
2 34 -104
18 12 -32
18 16 -16
18 20 -66
18 20 -64
18 20 -62
18 4 -102
-18 30 -8
-18 20 -102
-10 38 -66
-10 38 -64
-10 38 -62
-18 20 -100
-8 4 -52
-18 2 -6
-16 12 -42
-18 32 -16
-18 20 -42
-16 12 -44
-16 36 -46
-8 4 -48
-8 4 -50
-10 2 -16
-6 2 -18
-18 12 -26
-18 8 -20
-14 2 -66
-14 2 -64
-14 2 -62
-6 38 -12
-14 38 -16
-8 20 -108
-4 24 -108
-18 20 -44
-18 12 -24
-18 4 -66
-18 4 -64
-18 4 -62
-18 20 -98
-18 20 -96
-12 16 -108
-12 16 -110
-16 12 -106
-16 12 -104
-16 12 -102
-4 64 -24
-4 66 -22
4 62 -24
4 58 -14
8 62 -20
6 40 -10
18 26 4
-16 34 4
16 36 -4
-18 28 -4
-2 38 -4
18 30 -106
18 30 -104
18 30 14
12 2 106
0 38 90
0 38 92
0 38 94
2 40 58
14 2 8
12 2 42
18 34 16
18 14 34
8 38 38
8 38 40
18 14 36
12 2 44
18 22 46
0 38 34
0 38 36
10 38 8
4 42 76
4 42 78
4 42 80
12 2 104
12 2 96
12 2 98
12 2 100
12 2 102
14 36 22
14 36 76
14 36 78
14 36 80
10 16 110
18 30 68
18 30 70
18 30 72
18 30 74
16 6 42
16 6 44
18 14 92
18 14 94
16 6 104
16 6 102
14 20 108
18 14 90
-4 2 62
-4 2 64
-4 2 66
-8 38 18
-16 36 10
-18 14 28
-18 14 30
-18 30 52
-18 6 46
-2 4 44
-18 30 48
-16 14 46
-12 2 18
-16 2 20
-2 4 42
-10 36 46
-18 14 82
-18 14 84
-18 14 86
-18 14 88
-10 28 106
-18 18 16
-18 30 50
18 24 -6
18 20 -8
12 2 -74
12 2 -72
12 2 -70
12 2 -68
2 40 -58
18 30 -100
18 18 -20
0 38 -22
8 38 -18
12 2 -14
8 2 -12
18 30 -42
18 6 -46
14 36 -36
14 36 -34
18 14 -22
14 4 -50
6 36 -46
14 4 -48
14 4 -52
18 14 -80
18 14 -78
18 14 -76
14 36 -94
14 36 -92
14 36 -90
10 16 -110
18 30 -44
18 30 -98
18 30 -96
18 30 -102
14 20 -108
-14 24 -106
-14 24 -104
-4 2 -52
-4 2 -50
-14 2 -8
-12 2 -40
-12 2 -38
-18 34 -20
-18 14 -30
-18 14 -28
-8 38 -40
-8 38 -38
-4 2 -48
-18 22 -46
-18 14 -88
-18 14 -86
-18 14 -84
-18 14 -82
-10 38 -8
-14 36 -20
-18 30 -66
-18 30 -64
-18 30 -62
-18 4 -8
0 56 -10
-4 42 -18
6 42 -6
0 2 -2
-18 26 -2
2 38 4
4 2 -4
18 28 2
20 28 104
-16 32 -104
-16 32 -106
-16 32 -102
-18 24 -104
-18 24 -106
18 8 88
18 8 82
18 8 84
18 8 86
18 26 10
18 28 12
14 18 106
10 38 62
10 38 64
10 38 66
18 32 24
18 32 26
12 4 42
18 16 32
6 2 26
18 24 52
18 24 48
6 2 24
2 2 16
12 4 44
18 8 28
18 8 30
14 2 62
14 2 64
14 2 66
18 24 50
18 12 20
12 4 106
-18 8 90
-18 24 14
-6 38 58
-6 38 60
-6 38 56
-6 38 54
-18 8 92
-18 8 94
-18 16 24
-16 34 10
-12 38 6
-8 2 6
-4 2 8
-2 2 42
-10 2 32
-16 16 52
-18 8 36
-2 2 44
-16 16 48
-14 38 32
-18 32 32
-18 16 26
-18 8 34
-6 38 0
-2 2 96
-2 2 98
-2 2 100
-2 2 102
-2 2 104
-2 2 106
-10 10 112
-10 10 110
-4 20 108
-8 24 108
-16 16 50
-18 24 68
-18 24 70
-18 24 72
-18 24 74
18 8 -88
18 8 -86
18 8 -84
18 8 -82
10 38 -52
6 42 -66
6 42 -64
6 42 -62
18 16 -24
4 2 -10
6 2 -32
16 16 -52
16 16 -48
10 38 -48
10 38 -50
2 38 -46
14 2 -48
14 2 -50
18 32 -32
18 16 -26
18 8 -30
18 8 -28
14 2 -52
16 16 -50
18 24 -66
18 24 -64
18 24 -62
-18 8 -80
-18 8 -78
-18 8 -76
-18 30 -6
-18 24 -102
-6 38 -60
-6 38 -58
-6 38 -56
-6 38 -54
-16 32 -44
-16 32 -42
-2 2 -74
-2 2 -72
-2 2 -70
-2 2 -68
-18 24 -100
-4 4 -52
-18 2 -8
-18 32 -26
-18 32 -24
-2 2 -14
-18 16 -32
-10 2 -26
-18 24 -42
-16 8 -46
-18 12 -16
-4 4 -48
-4 4 -50
-14 38 -26
-10 2 -24
-18 8 -22
-10 10 -112
-10 10 -110
-14 38 -24
-16 32 -100
-8 24 -108
-4 20 -108
-18 24 -44
-18 24 -98
-18 24 -96
8 62 -22
-8 64 -24
-8 66 -22
8 60 -16
4 54 -8
2 42 -2
18 6 4
-18 22 4
16 26 104
16 26 106
16 10 52
16 26 102
4 6 108
8 2 108
4 38 96
4 38 98
4 38 100
8 2 54
8 2 56
8 2 58
8 2 60
14 2 6
18 2 14
16 2 38
16 2 40
8 2 0
4 38 42
4 38 44
16 10 50
18 18 36
0 2 46
16 26 44
18 18 34
18 34 28
18 34 30
16 10 48
18 10 18
18 2 68
18 2 70
18 2 72
18 2 74
4 38 104
4 38 102
2 38 10
10 38 6
0 42 82
0 42 84
18 34 82
18 34 84
18 34 86
18 34 88
8 34 104
16 26 42
18 18 92
18 18 94
12 30 104
12 30 106
18 18 90
-6 12 112
-2 8 108
-2 8 110
-12 38 62
-12 38 64
-12 38 66
-8 2 62
-8 2 64
-8 2 66
-4 38 18
-18 10 38
-18 10 40
-16 2 26
-18 14 16
-18 26 46
-16 18 46
-18 18 28
-18 18 30
-18 34 36
-14 36 34
-14 36 36
-18 34 34
-14 4 50
-16 2 24
-18 2 48
-14 4 48
-18 2 50
-18 2 52
-14 4 52
-18 34 90
-18 34 92
-14 36 90
-14 36 92
-14 36 94
-18 34 94
-18 18 82
-18 18 84
-18 18 86
-18 18 88
-12 22 106
18 24 -8
18 20 -6
4 6 -108
8 2 -108
8 2 -60
8 2 -58
8 2 -56
8 2 -54
18 2 -100
18 2 -98
18 2 -96
18 18 -22
0 38 -20
4 38 -14
18 10 -40
18 10 -38
18 2 -42
16 36 -10
2 36 -42
18 26 -46
18 34 -30
18 34 -28
18 14 -20
2 36 -44
16 2 -18
18 2 -44
0 42 -84
0 42 -82
18 34 -88
18 34 -86
18 34 -84
18 34 -82
2 36 -104
6 32 -104
18 18 -80
18 18 -78
18 18 -76
18 2 -102
-16 10 -52
-18 28 -10
-14 20 -106
-6 12 -112
-2 8 -110
-2 8 -108
-12 38 -52
-8 2 -52
-8 2 -50
-14 2 -6
-18 34 -22
-4 38 -40
-4 38 -38
-16 2 -32
-16 10 -50
-12 38 -50
-16 34 -46
-8 2 -48
-18 18 -28
-18 18 -30
-12 38 -48
-16 10 -48
-18 10 -18
-18 2 -66
-18 2 -64
-18 2 -62
-2 38 -10
-10 38 -6
-18 34 -80
-18 34 -78
-18 34 -76
-14 36 -22
-14 36 -80
-14 36 -78
-14 36 -76
-18 18 -82
-18 18 -88
-18 18 -86
-18 18 -84
-18 4 -6
14 66 -22
14 64 -24
-6 58 -12
0 52 -10
2 40 -12
6 42 -8
18 22 -2
-18 6 -2
-16 36 4
16 34 -4
12 38 -4
6 40 -4
-2 42 2
18 28 -104
18 28 -106
6 14 110
6 14 112
18 26 8
18 28 14
0 4 108
10 2 82
10 2 84
10 2 86
10 2 88
2 42 58
0 36 42
10 2 28
10 2 30
16 36 50
8 4 46
14 38 28
14 38 30
2 2 18
0 36 44
16 12 46
16 36 48
18 12 76
18 12 78
18 12 80
2 42 60
16 36 52
0 36 104
14 38 82
14 38 84
14 38 86
14 38 88
18 12 22
18 28 68
18 28 70
18 28 72
18 28 74
18 6 6
-18 22 6
-18 24 12
-16 20 102
-16 20 104
-16 20 106
-2 38 52
-6 2 90
-18 12 42
-18 12 44
-16 34 8
-4 2 10
-6 2 34
-6 2 36
-18 28 52
-18 28 48
-16 20 44
-2 38 48
-2 38 50
-18 12 100
-6 2 92
-6 2 94
-16 36 62
-16 36 64
-16 36 66
-10 30 104
-10 30 106
-16 20 42
-18 28 50
-18 12 96
-18 12 98
-18 12 102
6 14 -110
6 14 -112
18 28 -102
0 4 -108
10 2 -88
10 2 -86
10 2 -84
10 2 -82
2 42 -58
18 28 -100
16 34 -6
12 38 -6
4 2 -8
2 2 -40
2 2 -38
10 2 -28
10 2 -30
18 28 -42
18 12 -36
14 38 -30
14 38 -28
2 42 -60
10 34 -104
14 38 -88
14 38 -86
14 38 -84
14 38 -82
16 36 -66
16 36 -64
16 36 -62
4 24 -106
18 28 -44
18 12 -34
18 28 -96
18 28 -98
18 12 -94
18 12 -92
14 6 -106
14 6 -104
18 12 -90
-6 2 -80
-6 2 -78
-6 2 -76
-18 2 -10
-18 12 -14
-16 36 -50
-8 4 -46
-6 2 -22
-2 2 -16
-16 36 -48
-18 12 -74
-18 12 -72
-18 12 -70
-18 12 -68
-16 36 -52
-18 28 -62
-18 28 -66
-18 28 -64
4 54 -10
2 42 0
6 40 -6
-6 38 -2
-12 38 4
-8 2 4
18 20 -4
-14 2 -4
-10 38 -4
-18 4 -4
18 30 2
-14 32 102
-14 32 104
-14 32 100
-12 34 -102
12 10 110
12 10 112
18 22 0
8 38 92
8 38 94
8 38 90
4 2 52
4 2 50
18 2 12
18 14 38
18 14 40
12 2 32
0 38 38
0 38 40
18 10 16
4 2 48
8 38 34
8 38 36
14 36 26
2 38 8
12 10 108
14 36 24
2 16 110
18 22 54
18 22 56
18 22 58
18 22 60
18 6 62
18 6 64
18 6 66
-8 38 82
-8 38 84
-8 38 86
-8 38 88
-12 2 82
-12 2 84
-12 2 86
-12 2 88
-6 40 66
-6 40 62
-6 40 64
-4 38 16
-16 36 6
-12 2 28
-12 2 30
-10 4 44
-8 38 28
-8 38 30
-18 14 18
-10 4 42
-2 36 46
-2 28 106
-18 22 62
-18 22 64
-18 22 66
-18 6 54
-18 6 56
-18 6 58
-18 6 60
-18 6 0
12 10 -112
12 10 -110
18 24 -10
8 38 -80
8 38 -78
8 38 -76
4 2 -66
4 2 -64
4 2 -62
0 38 -18
4 38 -16
8 38 -22
16 14 -42
16 36 -8
0 2 -12
12 2 -26
16 14 -44
14 36 -32
18 14 -18
12 2 -24
6 36 -48
6 36 -50
16 2 -20
6 36 -52
14 4 -46
12 10 -108
18 6 -52
2 16 -110
16 14 -106
16 14 -104
16 14 -102
18 22 -60
18 22 -58
18 22 -56
18 22 -54
18 6 -50
18 6 -48
-18 26 -12
-18 28 -8
-8 38 -88
-8 38 -86
-8 38 -84
-8 38 -82
-12 2 -88
-12 2 -86
-12 2 -84
-12 2 -82
-18 14 -40
-18 14 -38
-12 2 -30
-12 2 -28
-18 22 -52
-12 34 -44
-4 2 -46
-18 22 -48
-8 38 -30
-8 38 -28
-18 10 -20
-2 38 -8
-4 42 -80
-4 42 -78
-4 42 -76
-12 34 -104
-12 34 -42
-4 26 -106
-18 22 -50
-18 6 -60
-18 6 -58
-18 6 -56
-18 6 -54
-14 60 -20
-14 62 -24
-6 56 -14
0 56 -6
0 52 -8
-4 42 -22
6 42 -10
8 2 -2
14 2 4
10 38 4
-18 30 -4
6 38 2
18 4 2
-18 20 2
12 12 110
12 12 112
10 14 110
10 14 112
4 4 108
6 2 82
6 2 84
6 2 86
6 2 88
2 38 14
18 2 10
4 36 42
18 16 34
6 2 28
6 2 30
18 16 36
18 12 16
18 24 46
2 2 20
4 36 44
18 32 28
18 32 30
18 8 24
18 8 26
12 12 108
18 32 82
18 32 84
18 32 86
18 32 88
4 36 104
8 32 104
18 16 92
18 16 94
18 16 90
-10 2 90
-2 2 38
-2 2 40
-18 16 28
-18 16 30
-10 2 34
-10 2 36
-18 32 36
-16 16 46
-14 38 34
-14 38 36
-18 32 34
-18 8 32
-2 42 62
-2 42 64
-2 42 66
-10 2 92
-10 2 94
-18 32 90
-14 38 90
-14 38 92
-14 38 94
-6 30 104
-6 30 106
-2 26 106
-18 16 82
-18 16 84
-18 16 86
-18 16 88
-18 32 92
-18 32 94
-12 20 106
12 12 -112
12 12 -110
10 14 -110
10 14 -112
18 22 -6
4 4 -108
2 38 -98
2 38 -96
2 38 -100
6 2 -88
6 2 -86
6 2 -84
6 2 -82
18 16 -22
16 36 -12
0 2 -8
2 38 -44
2 38 -42
6 2 -30
6 2 -28
18 32 -30
18 32 -28
18 8 -32
2 38 -104
2 38 -102
12 12 -108
18 32 -88
18 32 -86
18 32 -84
18 32 -82
6 34 -104
18 16 -80
18 16 -78
18 16 -76
0 24 -106
-18 26 -8
-18 28 -12
-14 22 -106
-14 22 -104
-10 2 -80
-10 2 -78
-10 2 -76
-18 32 -22
-18 16 -30
-18 16 -28
-12 36 -50
-18 24 -46
-16 32 -46
-10 2 -22
-2 2 -18
-12 36 -48
-18 8 -26
-18 8 -24
-12 36 -52
-2 38 -12
-16 8 -42
-16 8 -44
-18 32 -80
-18 32 -78
-18 32 -76
-14 38 -22
-14 38 -80
-14 38 -78
-14 38 -76
-4 28 -106
-18 12 -20
-18 16 -86
-18 16 -84
-18 16 -82
-18 16 -88
-18 6 -6
-16 8 -104
-16 8 -102
-8 64 -22
-4 64 -20
8 62 -24
8 60 -20
0 54 -10
18 20 -2
-14 2 -2
-10 38 -2
-18 4 -2
18 30 4
-6 38 -4
-12 38 2
-8 2 2
18 26 -104
18 26 -106
18 10 76
18 10 78
18 10 80
18 26 14
18 28 8
14 16 106
12 38 54
12 38 56
12 38 58
12 38 60
0 2 52
6 40 58
6 40 60
0 2 50
16 2 42
12 38 0
16 34 0
18 34 24
18 34 26
16 2 44
4 38 38
4 38 40
0 2 48
18 18 32
16 10 46
18 10 22
16 34 54
16 34 56
16 34 58
16 34 60
18 26 68
18 26 70
18 26 72
18 26 74
16 2 96
16 2 98
16 2 100
16 2 102
12 6 106
16 2 104
-12 14 112
-12 14 110
-18 24 10
-18 18 24
-4 38 22
-18 10 42
-16 34 14
-4 2 12
-18 26 52
-16 18 52
-16 2 28
-16 2 30
-18 2 46
-18 10 44
-6 4 44
-18 26 48
-16 18 48
-14 36 32
-18 34 32
-18 14 20
-6 4 42
-14 4 46
-16 2 82
-16 2 84
-16 2 86
-16 2 88
-18 10 100
-16 34 68
-16 34 70
-16 34 72
-16 34 74
-4 22 108
-12 14 108
-18 26 50
-16 18 50
-18 18 26
-18 10 96
-18 10 98
-18 10 102
18 10 -90
18 26 -102
12 38 -60
12 38 -58
12 38 -56
12 38 -54
0 2 -66
0 2 -64
0 2 -62
6 40 -60
6 40 -58
18 26 -100
18 18 -24
0 38 -16
4 38 -18
16 2 -14
4 2 -12
18 26 -42
16 18 -52
18 14 -16
18 2 -46
18 10 -36
16 18 -48
18 34 -32
10 36 -48
10 36 -50
10 36 -52
2 36 -46
16 2 -74
16 2 -72
16 2 -70
16 2 -68
16 34 -60
16 34 -58
16 34 -56
16 34 -54
18 26 -44
18 10 -34
16 18 -50
18 18 -26
18 26 -96
18 26 -98
18 10 -94
18 10 -92
-18 10 -74
-18 10 -72
-18 10 -70
-18 10 -68
-12 14 -112
-12 14 -110
-4 38 -94
-4 38 -92
-4 38 -90
-16 34 -44
-16 34 -42
-18 10 -14
-18 34 -26
-18 34 -24
-16 2 -30
-16 2 -28
-18 18 -32
-4 38 -36
-4 38 -34
-14 36 -26
-16 2 -88
-16 2 -86
-16 2 -84
-16 2 -82
-16 34 -102
-16 34 -100
-16 34 -98
-16 34 -96
-14 36 -24
-4 22 -108
-12 14 -108
-18 26 -66
-18 26 -64
-18 26 -62
14 64 -22
2 42 -6
6 40 0
-18 30 -2
6 38 4
18 4 4
-18 20 4
8 2 -4
14 2 2
10 38 2
16 28 104
16 28 106
-14 34 102
-14 34 100
-20 24 104
14 30 -104
-12 32 -102
18 20 0
18 30 6
16 28 102
6 38 62
6 38 64
6 38 66
2 2 80
2 2 76
2 2 78
8 4 52
18 2 8
16 12 52
10 2 26
16 36 46
8 4 48
8 4 50
16 12 50
16 28 44
14 38 26
2 2 22
10 2 24
16 12 48
2 38 12
14 38 24
2 18 108
2 18 110
16 28 42
18 12 18
18 20 54
18 20 56
18 20 58
18 20 60
18 4 62
18 4 64
18 4 66
-10 38 54
-10 38 56
-10 38 58
-10 38 60
-14 34 42
-6 42 68
-6 42 70
-6 42 72
-6 42 74
-14 2 0
-18 12 38
-18 12 40
-6 2 32
-14 34 44
-18 28 46
-2 38 46
-14 2 54
-14 2 56
-14 2 58
-14 2 60
-10 38 0
-6 10 112
-6 10 110
-14 34 104
-18 20 62
-18 20 64
-18 20 66
-18 4 54
-18 4 56
-18 4 58
-18 4 60
-18 4 0
18 24 -12
6 38 -52
2 2 -90
18 12 -40
18 12 -38
0 2 -10
8 2 -6
2 2 -36
2 2 -34
10 2 -32
18 28 -46
14 38 -32
6 38 -48
6 38 -50
18 4 -50
18 4 -48
18 4 -52
2 2 -94
2 2 -92
2 18 -110
2 18 -108
18 20 -60
18 20 -58
18 20 -56
18 20 -54
14 30 -102
-18 26 -10
-10 38 -60
-10 38 -58
-10 38 -56
-10 38 -54
-16 12 -52
-6 2 -26
-18 20 -52
-8 4 -44
-18 20 -48
-16 12 -50
-6 2 -24
-2 2 -20
-16 12 -48
-8 4 -42
-14 2 -60
-14 2 -58
-14 2 -56
-14 2 -54
-6 10 -112
-6 10 -110
-12 32 -104
-18 20 -50
-18 12 -18
-18 4 -60
-18 4 -58
-18 4 -56
-18 4 -54
0 54 -8
8 60 -18
6 42 -12
2 42 -4
18 6 2
-18 22 2
-6 40 2
20 26 104
-16 22 106
-16 22 104
18 26 12
18 28 10
0 6 108
0 38 98
0 38 100
0 38 96
12 2 90
18 14 100
18 14 42
18 14 44
0 38 42
0 38 44
12 2 34
12 2 36
12 34 50
4 2 46
8 38 32
14 36 28
14 36 30
18 10 20
0 38 104
0 38 102
6 38 6
4 42 82
4 42 84
12 2 92
12 2 94
12 34 52
12 34 48
14 36 82
14 36 84
14 36 86
14 36 88
2 24 106
18 14 102
18 30 62
18 30 64
18 30 66
18 4 6
18 14 96
18 14 98
-18 24 8
-18 30 0
-18 20 6
-16 22 102
-10 12 112
-4 2 68
-4 2 70
-4 2 72
-4 2 74
-8 38 24
-8 38 26
-4 38 20
-16 34 12
-4 2 14
-12 2 26
-16 22 44
-18 14 22
-12 2 24
-2 36 48
-2 36 50
-2 36 52
-18 14 76
-18 14 78
-18 14 80
-16 22 42
-18 30 54
-18 30 56
-18 30 58
-18 30 60
-14 8 104
-14 8 106
0 6 -108
12 2 -80
12 2 -78
12 2 -76
0 38 -14
4 38 -20
8 38 -26
8 38 -24
18 14 -14
14 4 -42
18 30 -52
18 30 -48
16 14 -46
14 36 -30
14 36 -28
12 2 -22
16 2 -16
14 4 -44
18 14 -74
18 14 -72
18 14 -70
18 14 -68
4 42 -84
4 42 -82
14 36 -88
14 36 -86
14 36 -84
14 36 -82
10 32 -104
18 30 -50
14 4 -106
14 4 -104
-10 12 -112
-18 2 -12
-4 2 -42
-18 14 -34
-12 2 -32
-18 14 -36
-18 10 -16
-4 2 -44
-8 38 -32
-6 38 -6
-4 2 -106
-4 2 -104
-4 2 -102
-4 2 -100
-4 2 -98
-4 2 -96
-8 30 -106
-8 30 -104
-18 30 -58
-18 30 -56
-18 30 -54
-18 30 -60
-18 14 -94
-18 14 -92
-18 14 -90
-14 62 -22
-4 42 -24
12 38 -2
16 34 -2
6 40 -2
18 22 -4
-18 6 -4
-16 36 2
18 24 104
18 24 106
-14 30 104
14 34 -102
14 34 -100
18 8 62
18 8 64
18 8 66
18 24 102
10 38 82
10 38 84
10 38 86
10 38 88
18 24 100
18 28 20
2 38 18
18 10 10
18 12 12
18 34 6
12 4 52
18 24 42
14 2 28
14 2 30
12 4 48
12 4 50
10 38 28
10 38 30
4 36 46
14 2 82
14 2 84
14 2 86
14 2 88
4 28 106
18 24 44
18 24 96
18 24 98
-18 8 54
-18 8 56
-18 8 58
-18 8 60
-18 18 6
-16 16 102
-16 16 104
-16 16 106
-6 38 90
-6 38 92
-6 38 94
-2 2 52
-18 24 22
-2 2 50
-18 14 8
-18 8 0
-2 2 48
-16 16 44
-6 38 34
-6 38 36
-4 38 10
-16 16 42
-18 24 76
-18 24 78
-18 24 80
-14 30 102
18 8 -52
18 8 -50
18 24 -14
10 38 -88
10 38 -86
10 38 -84
10 38 -82
14 34 -42
6 42 -74
6 42 -72
6 42 -70
6 42 -68
12 2 -6
2 38 -40
2 38 -38
14 2 -30
14 2 -28
18 8 -48
14 34 -44
16 24 -46
10 38 -30
10 38 -28
14 2 -88
14 2 -86
14 2 -84
14 2 -82
4 38 -8
14 34 -104
16 36 -16
18 24 -74
18 24 -72
18 24 -70
18 24 -68
12 20 -106
-18 8 -60
-18 8 -58
-18 8 -56
-18 8 -54
-6 38 -80
-6 38 -78
-6 38 -76
-2 2 -66
-2 2 -64
-2 2 -62
-2 38 -16
-6 38 -22
-4 36 -42
-18 24 -36
-12 4 -46
-18 24 -34
-4 36 -44
-4 36 -104
-18 28 -16
-18 24 -94
-18 24 -92
-18 24 -90
-16 64 -22
2 50 -12
2 48 -10
6 42 -14
-6 2 -2
-12 2 4
-8 38 4
18 16 -4
-14 38 -4
-10 2 -4
-18 32 -4
-16 2 2
18 18 0
4 38 52
8 2 90
18 26 18
2 2 8
0 2 38
0 2 40
16 10 42
18 8 6
8 2 34
8 2 36
16 26 52
16 10 44
16 26 48
12 38 32
16 34 32
4 38 48
4 38 50
18 2 22
16 2 46
18 2 80
18 2 76
18 2 78
0 42 62
0 42 64
0 42 66
8 2 92
8 2 94
18 34 62
18 34 64
18 34 66
2 20 108
16 26 50
18 18 54
18 18 56
18 18 58
18 18 60
16 10 102
16 10 104
16 10 106
0 26 106
-12 38 84
-12 38 86
-12 38 88
-12 38 82
-8 2 82
-8 2 84
-8 2 86
-8 2 88
-18 2 96
-18 2 98
-18 2 100
-18 2 42
-18 34 0
-14 36 0
-14 4 42
-8 2 28
-8 2 30
-18 26 40
-18 26 38
-6 4 46
-12 38 28
-12 38 30
-4 2 16
-18 2 44
-14 4 44
-18 10 46
-18 34 54
-18 34 56
-18 34 58
-18 34 60
-16 34 18
-14 36 54
-14 36 56
-14 36 58
-14 36 60
-10 32 104
-18 18 62
-18 18 64
-18 18 66
-18 2 102
-14 4 104
-14 4 106
8 2 -80
8 2 -78
8 2 -76
18 2 -94
18 2 -92
18 2 -90
12 38 -26
12 38 -24
2 4 -52
18 14 -12
18 26 -40
18 26 -38
18 2 -36
18 2 -34
18 34 -48
18 34 -50
2 4 -48
10 4 -46
2 4 -50
16 34 -26
0 2 -18
4 2 -16
8 2 -22
18 10 -46
18 34 -52
0 38 -12
16 34 -24
2 20 -108
18 18 -60
18 18 -58
18 18 -56
18 18 -54
14 8 -106
14 8 -104
-12 38 -88
-12 38 -86
-12 38 -84
-12 38 -82
-8 2 -88
-8 2 -86
-8 2 -84
-8 2 -82
-18 26 -18
-18 2 -14
-18 12 -10
-2 2 -8
-8 2 -30
-8 2 -28
-18 18 -52
-16 26 -52
-18 18 -48
-16 26 -48
-12 38 -30
-12 38 -28
-16 34 -38
-4 38 -46
-18 2 -74
-18 2 -72
-18 2 -70
-18 2 -68
-16 34 -40
-18 34 -60
-18 34 -58
-18 34 -56
-18 34 -54
-8 34 -104
-14 36 -60
-14 36 -58
-14 36 -56
-14 36 -54
-2 24 -106
-18 18 -50
-16 26 -50
-12 6 -106
6 64 -22
-10 62 -24
-6 60 -14
-2 54 -10
6 40 -24
8 38 -2
-4 42 -2
14 38 4
10 2 4
6 2 2
18 32 2
-18 16 2
12 32 102
-18 28 104
-18 28 106
20 24 -104
14 22 104
14 22 106
8 12 112
4 8 108
4 8 110
10 2 62
10 2 64
10 2 66
18 28 22
2 38 16
6 38 24
6 38 26
18 10 8
18 12 14
18 4 26
16 28 46
18 20 32
0 36 48
0 36 50
16 36 44
18 4 24
0 36 52
18 12 68
18 12 70
18 12 72
18 12 74
16 36 100
16 36 42
16 36 96
16 36 98
12 32 104
14 38 62
14 38 64
14 38 66
18 28 76
18 28 78
18 28 80
-18 28 102
-6 2 108
-2 6 108
-2 38 96
-2 38 98
-2 38 100
-6 2 54
-6 2 56
-6 2 58
-6 2 60
-18 28 100
-18 20 24
-18 24 20
-12 2 6
-18 14 10
-6 2 0
-2 38 42
-2 38 44
-18 12 52
-18 28 42
-16 20 52
-14 2 32
-14 34 46
-18 4 32
-16 20 48
-18 12 50
-10 38 32
-16 36 28
-16 36 30
-18 12 48
-2 38 104
-2 38 102
-8 38 6
-4 38 8
-6 34 104
-16 36 82
-16 36 84
-16 36 86
-16 36 88
-4 16 110
-18 28 44
-16 20 50
-18 20 26
-18 28 96
-18 28 98
-12 24 108
-14 10 108
8 12 -112
4 8 -108
4 8 -110
10 2 -52
18 20 -24
10 2 -50
18 12 -42
18 12 -44
16 36 -14
16 20 -52
18 28 -36
18 4 -32
2 2 -46
10 2 -48
16 20 -48
18 28 -34
6 38 -32
4 38 -10
18 12 -100
2 42 -80
2 42 -78
2 42 -76
14 38 -52
16 36 -74
16 36 -72
16 36 -70
16 36 -68
2 26 -106
6 30 -106
6 30 -104
18 24 -16
16 20 -50
18 20 -26
18 28 -94
18 28 -92
18 12 -96
18 12 -98
18 12 -102
18 28 -90
-18 28 -14
-6 2 -108
-2 6 -108
-6 2 -60
-6 2 -58
-6 2 -56
-6 2 -54
-10 38 -26
-10 38 -24
-2 38 -14
-16 4 -42
-14 2 -26
-18 4 -26
-18 20 -32
-16 36 -30
-16 36 -28
-14 2 -24
-18 4 -24
-16 4 -44
-18 12 -66
-18 12 -64
-18 12 -62
-16 36 -88
-16 36 -86
-16 36 -84
-16 36 -82
-4 16 -110
-18 28 -74
-18 28 -72
-18 28 -70
-18 28 -68
-12 24 -108
-16 4 -104
-16 4 -102
-14 10 -108
-12 64 -24
-12 66 -22
16 62 -20
12 62 -24
2 42 -22
6 42 -16
-18 8 -2
18 34 4
-18 18 4
14 36 2
4 42 2
-16 30 -106
-16 30 -104
-16 30 -102
-20 26 -104
8 38 56
8 38 58
8 38 60
8 38 54
18 30 24
14 38 6
2 2 10
10 2 6
4 2 42
18 30 26
18 22 36
4 2 44
18 14 46
18 22 34
0 38 46
18 2 20
18 6 28
18 6 30
8 38 0
4 2 96
4 2 98
4 2 100
4 2 102
4 2 104
4 2 106
10 24 108
18 26 16
18 6 82
18 6 84
18 6 86
18 6 88
18 22 94
18 22 92
18 22 90
-8 38 62
-8 38 64
-8 38 66
-12 2 62
-12 2 64
-12 2 66
-6 40 82
-6 40 84
-18 6 94
-18 6 90
-18 6 92
-4 42 58
-10 4 52
-10 4 48
-10 4 50
-16 22 46
-18 22 30
-18 22 28
-18 30 32
-4 2 18
-18 6 34
-18 6 36
-4 42 60
-16 34 16
-18 22 82
-18 22 84
-18 22 86
-18 22 88
18 16 -6
8 38 -60
8 38 -58
8 38 -56
8 38 -54
4 2 -74
4 2 -72
4 2 -70
4 2 -68
18 22 -22
16 2 -12
4 2 -14
6 4 -44
18 30 -32
0 2 -20
6 4 -42
18 6 -30
18 6 -28
10 24 -108
18 22 -80
18 22 -78
18 22 -76
18 6 -88
18 6 -86
18 6 -84
18 6 -82
-14 16 -106
-8 38 -52
-12 2 -52
-6 40 -84
-6 40 -82
-4 42 -58
-18 26 -20
-18 30 -24
-12 2 -50
-18 10 -12
-18 12 -8
-14 38 -6
-10 2 -6
-2 2 -10
-4 2 -40
-4 2 -38
-18 30 -26
-16 6 -46
-18 2 -16
-12 2 -48
-18 14 -46
-16 30 -44
-18 22 -30
-18 22 -28
-8 38 -48
-8 38 -50
-18 32 -6
-4 42 -60
-16 30 -42
-18 22 -88
-18 22 -86
-18 22 -84
-18 22 -82
-18 6 -80
-18 6 -78
-18 6 -76
-18 6 -22
-6 62 -22
10 64 -24
10 66 -22
-2 54 -8
-6 60 -16
-4 42 0
18 18 -2
-18 34 -2
-14 36 -2
18 8 4
12 2 -4
16 24 -106
16 24 -104
-20 28 -104
18 16 0
0 8 110
0 8 108
6 2 62
6 2 64
6 2 66
10 38 24
10 38 26
2 38 22
2 2 12
18 24 38
18 24 40
14 2 26
12 4 46
4 36 48
4 36 50
14 2 24
4 36 52
18 32 62
18 32 64
18 32 66
2 22 108
18 28 16
18 16 54
18 16 56
18 16 58
18 16 60
-10 2 108
-10 2 54
-10 2 56
-10 2 58
-10 2 60
-18 24 18
-16 2 6
-14 38 0
-10 2 0
-2 2 46
-6 38 32
-18 32 0
-2 42 82
-2 42 84
-18 32 54
-18 32 56
-18 32 58
-18 32 60
-10 34 104
-14 38 56
-14 38 58
-14 38 60
-14 38 54
-18 16 62
-18 16 64
-18 16 66
-14 6 104
-14 6 106
16 24 -102
0 8 -110
0 8 -108
2 38 -94
2 38 -92
2 38 -90
6 2 -52
18 24 -18
6 2 -50
16 2 -8
18 14 -10
18 32 -52
14 2 -32
18 32 -48
14 34 -46
6 2 -48
16 24 -44
2 38 -36
2 38 -34
10 38 -32
18 32 -50
8 38 -6
0 38 -10
16 36 -20
2 22 -108
10 30 -106
10 30 -104
16 24 -42
18 16 -60
18 16 -58
18 16 -56
18 16 -54
-10 2 -108
-10 2 -60
-10 2 -58
-10 2 -56
-10 2 -54
-18 28 -20
-6 38 -26
-6 38 -24
-2 38 -20
-18 10 -8
-18 12 -12
-12 4 -42
-18 24 -40
-18 24 -38
-18 16 -52
-18 16 -48
-12 4 -44
-4 36 -46
-2 42 -84
-2 42 -82
-18 32 -60
-18 32 -58
-18 32 -56
-18 32 -54
-14 38 -60
-14 38 -58
-14 38 -56
-14 38 -54
-8 32 -104
-18 16 -50
-12 4 -106
-2 52 -10
-4 42 -6
6 42 -18
14 36 4
-18 8 -4
18 34 2
-18 18 2
0 42 2
-18 26 104
-18 26 106
14 32 -104
14 32 -102
14 32 -100
18 10 68
18 10 70
18 10 72
18 10 74
12 38 90
12 38 92
12 38 94
18 26 22
18 10 14
18 12 8
6 2 6
0 2 42
8 2 32
0 2 44
16 26 46
12 38 34
12 38 36
16 34 34
16 34 36
4 38 46
16 2 50
18 2 18
16 2 48
16 2 52
18 32 6
0 2 96
0 2 98
0 2 100
0 2 102
0 2 104
0 2 106
8 10 112
8 10 110
16 34 92
16 34 94
16 34 90
6 24 108
18 26 76
18 26 78
18 26 80
-18 10 52
-18 10 50
-18 16 6
-18 26 102
-16 18 102
-16 18 104
-16 18 106
-18 26 100
-12 38 26
-12 38 24
-4 38 14
-6 4 52
-18 2 38
-18 2 40
-18 14 12
-8 2 26
-18 26 42
-18 10 48
-6 4 48
-6 4 50
-16 18 44
-4 2 20
-8 2 24
-16 2 62
-16 2 64
-16 2 66
-16 34 22
-16 34 76
-16 34 78
-16 34 80
-18 26 44
-16 18 42
-18 26 96
-18 26 98
-14 12 108
12 38 -80
12 38 -78
12 38 -76
0 2 -74
0 2 -72
0 2 -70
0 2 -68
6 40 -80
6 40 -78
6 40 -76
12 38 -22
18 10 -42
18 2 -40
18 2 -38
0 2 -14
8 2 -26
18 10 -44
18 26 -36
10 4 -44
18 26 -34
4 2 -20
8 2 -24
10 4 -42
16 2 -66
16 2 -64
16 2 -62
18 10 -100
8 10 -112
8 10 -110
16 34 -22
16 34 -80
16 34 -78
16 34 -76
2 28 -106
6 24 -108
18 26 -94
18 26 -92
18 10 -98
18 10 -96
12 22 -106
18 10 -102
18 26 -90
-18 10 -66
-18 10 -64
-18 10 -62
-18 26 -14
-4 38 -100
-4 38 -98
-4 38 -96
-6 2 -6
-4 38 -42
-4 38 -44
-8 2 -32
-12 38 -32
-16 34 -36
-16 34 -34
-16 2 -50
-18 2 -18
-16 2 -48
-16 2 -52
-4 38 -104
-4 38 -102
-16 34 -94
-16 34 -92
-16 34 -90
-18 26 -74
-18 26 -72
-18 26 -70
-18 26 -68
-12 30 -106
-12 30 -104
-14 12 -108
-10 62 -22
2 64 -20
6 66 -22
6 64 -24
-6 60 -18
-6 58 -16
-6 56 -12
2 48 -12
2 50 -10
2 40 -16
6 40 -22
12 2 -2
18 18 -4
-14 36 -4
-18 34 -4
18 8 2
6 38 82
6 38 84
6 38 86
2 2 68
2 2 70
2 2 72
2 2 74
18 28 18
2 38 20
16 12 42
14 36 6
2 2 14
16 28 52
16 12 44
18 20 36
18 4 28
18 4 30
8 4 44
16 28 48
18 20 34
6 38 28
6 38 30
16 36 38
8 4 42
0 36 46
6 38 88
16 36 40
14 14 108
16 28 50
18 4 82
18 4 84
18 4 86
18 4 88
18 20 94
18 20 92
16 12 104
16 12 106
16 12 102
0 28 106
18 20 90
-10 38 90
-10 38 92
-10 38 94
-6 42 76
-6 42 78
-6 42 80
-18 4 92
-18 4 94
-18 4 90
-18 28 40
-18 28 38
-2 38 38
-2 38 40
-14 2 34
-14 2 36
-14 34 48
-14 34 50
-18 4 34
-18 4 36
-16 20 46
-18 20 28
-18 20 30
-10 38 36
-10 38 34
-16 36 26
-18 12 46
-14 34 52
-14 2 90
-16 36 24
-4 24 106
-18 24 16
-18 20 82
-18 20 84
-18 20 86
-18 20 88
-14 2 92
-14 2 94
18 18 -6
6 38 -86
6 38 -84
6 38 -82
18 20 -22
18 24 -20
16 2 -10
18 14 -8
2 2 -42
18 28 -40
18 28 -38
18 4 -30
18 4 -28
2 2 -44
6 38 -30
6 38 -28
18 12 -46
0 38 -8
2 2 -106
2 2 -104
2 2 -102
2 2 -100
2 2 -98
2 2 -96
6 38 -88
16 36 -18
14 14 -108
18 20 -80
18 20 -78
18 20 -76
18 4 -82
18 4 -88
18 4 -86
18 4 -84
-14 18 -106
-10 38 -80
-10 38 -78
-10 38 -76
-18 28 -18
-10 38 -22
-2 38 -18
-18 10 -10
-14 36 -6
-18 34 -6
-2 2 -12
-16 28 -52
-16 4 -46
-16 28 -48
-18 20 -30
-18 20 -28
-16 36 -32
-8 36 -48
-8 36 -50
-14 2 -22
-18 4 -22
-8 36 -52
-14 2 -80
-14 2 -78
-14 2 -76
-16 28 -50
-18 20 -88
-18 20 -86
-18 20 -84
-18 20 -82
-18 4 -80
-18 4 -78
-18 4 -76
-12 64 -22
12 62 -22
16 60 -22
-2 52 -8
-2 56 -6
6 42 -20
2 42 -24
18 16 -2
-14 38 -2
-10 2 -2
-18 32 -2
-16 2 4
-6 2 -4
-12 2 2
-8 38 2
12 34 102
14 20 106
12 2 108
0 38 52
12 2 54
12 2 56
12 2 58
12 2 60
18 26 20
12 2 0
18 10 12
18 12 10
4 2 40
4 2 38
18 14 52
12 34 44
18 2 16
18 14 48
18 14 50
18 30 28
18 30 30
18 22 32
0 38 48
0 38 50
18 6 26
4 42 62
4 42 64
4 42 66
12 34 104
12 34 42
14 36 62
14 36 64
14 36 66
4 26 106
8 30 104
8 30 106
18 30 82
18 30 84
18 30 86
18 30 88
18 6 24
-8 14 110
-8 14 112
-2 4 108
-4 2 76
-4 2 78
-4 2 80
-18 22 24
-18 14 14
-2 36 42
-16 22 52
-18 30 36
-10 4 46
-16 22 48
-18 30 34
-4 2 22
-2 36 44
-18 6 32
-18 14 68
-18 14 70
-18 14 72
-18 14 74
-4 38 12
-2 36 104
-16 34 20
-6 32 104
-4 18 108
-4 18 110
-16 22 50
-18 22 26
-18 30 92
-18 30 94
-18 30 90
12 2 -108
12 2 -54
12 2 -60
12 2 -58
12 2 -56
18 22 -24
16 22 -52
14 36 -50
6 4 -46
16 22 -48
18 30 -30
18 30 -28
0 2 -16
4 2 -18
14 36 -48
18 6 -32
18 14 -66
18 14 -64
18 14 -62
4 38 -12
14 36 -52
16 22 -50
18 22 -26
18 30 -88
18 30 -86
18 30 -84
18 30 -82
-8 14 -110
-8 14 -112
-2 4 -108
-4 2 -90
-18 14 -100
-18 30 -22
-18 14 -42
-18 14 -44
-18 8 -6
-4 2 -36
-4 2 -34
-16 30 -46
-18 22 -32
-18 2 -20
-18 6 -26
-4 2 -94
-4 2 -92
-4 18 -110
-4 18 -108
-18 14 -102
-18 26 -16
-18 30 -80
-18 30 -78
-18 30 -76
-18 6 -24
-16 6 -42
-16 6 -44
-18 14 -98
-18 14 -96
-16 6 -104
-16 6 -102
10 64 -22
-6 62 -24
-6 58 -14
-6 60 -20
2 50 -8
2 40 -14
6 2 4
18 32 4
-18 16 4
8 38 -4
-4 42 -4
14 38 2
10 2 2
8 8 110
8 8 108
-6 6 108
-6 6 110
8 8 -110
8 8 -108
-6 6 -110
-6 6 -108
16 32 104
16 32 106
16 32 102
18 8 68
18 8 70
18 8 72
18 8 74
14 18 108
4 12 112
12 4 108
10 38 76
10 38 78
10 38 80
16 32 42
16 32 44
6 38 16
10 38 22
2 38 24
2 38 26
14 36 8
14 38 12
10 2 12
12 36 42
18 8 14
18 24 36
12 36 44
18 4 16
18 16 46
18 24 34
14 2 22
14 2 76
14 2 78
14 2 80
12 36 100
12 36 102
12 36 104
16 32 100
10 22 108
18 24 94
18 24 92
18 24 90
-18 8 52
-18 8 50
-2 2 108
-6 38 96
-6 38 98
-6 38 100
-2 2 54
-2 2 56
-2 2 58
-2 2 60
-16 2 10
-2 2 0
-6 38 42
-6 38 44
-18 8 48
-10 2 46
-18 32 46
-16 24 46
-18 24 30
-18 24 28
-6 38 104
-6 38 102
-2 34 104
-16 36 20
-8 24 106
-18 20 16
-18 24 82
-18 24 84
-18 24 86
-18 24 88
18 18 -8
14 18 -108
4 12 -112
12 4 -108
10 38 -90
10 38 -92
10 38 -94
6 42 -80
6 42 -78
6 42 -76
18 8 -100
18 8 -98
18 8 -96
18 20 -20
18 24 -22
18 14 -6
14 2 -36
14 2 -34
14 34 -48
14 34 -50
6 2 -46
18 32 -46
2 38 -32
10 38 -36
10 38 -34
14 34 -52
14 2 -90
8 38 -10
0 38 -6
18 8 -42
18 8 -44
2 30 -106
2 30 -104
6 26 -106
10 22 -108
18 24 -80
18 24 -78
18 24 -76
14 2 -94
14 2 -92
18 8 -102
-18 8 -66
-18 8 -64
-18 8 -62
-2 2 -108
-6 38 -74
-6 38 -72
-6 38 -70
-6 38 -68
-2 2 -60
-2 2 -58
-2 2 -56
-2 2 -54
-10 38 -20
-6 38 -14
-14 36 -8
-18 34 -8
-18 16 -46
-18 24 -30
-18 24 -28
-4 36 -48
-4 36 -50
-14 2 -20
-18 4 -20
-4 36 -52
-14 14 -106
-18 24 -88
-18 24 -86
-18 24 -84
-18 24 -82
-12 28 -106
-12 28 -104
-12 64 -20
16 60 -20
4 58 -12
-2 56 -8
-2 52 -6
2 42 -16
-4 42 -10
6 42 -22
-18 12 -2
18 10 2
-4 38 2
20 22 -104
-20 30 -104
-16 26 -104
-16 26 -106
14 24 104
14 24 106
4 38 54
4 38 56
4 38 58
18 26 24
18 34 14
6 2 10
8 2 42
0 2 32
18 18 52
12 38 38
12 38 40
18 2 28
18 2 30
18 30 16
8 2 44
18 18 48
16 34 38
18 2 82
18 2 84
18 2 86
18 2 88
18 32 10
4 38 0
0 42 68
0 42 70
0 42 72
0 42 74
8 2 100
8 2 102
8 2 104
8 2 106
8 2 96
8 2 98
0 10 112
0 10 110
16 34 40
18 34 68
18 34 70
18 34 72
18 34 74
18 18 50
18 26 26
18 6 20
-4 14 110
-4 14 112
-18 16 10
-18 18 14
-12 38 76
-12 38 78
-12 38 80
-8 2 76
-8 2 78
-8 2 80
-18 2 90
-18 2 92
-18 2 94
-18 22 20
-12 38 22
-12 2 12
-18 2 34
-18 2 36
-18 34 48
-18 34 50
-14 36 50
-18 26 32
-16 34 26
-8 2 22
-14 36 48
-18 34 52
-8 38 12
-2 40 84
-14 36 52
-16 34 24
-8 18 108
-8 18 110
-18 18 68
-18 18 70
-18 18 72
-18 18 74
-12 22 108
4 38 -58
4 38 -56
4 38 -54
18 34 -44
8 2 -68
8 2 -74
8 2 -72
8 2 -70
12 38 -18
18 34 -100
12 2 -12
8 2 -14
0 2 -26
18 2 -30
18 2 -28
2 4 -44
18 26 -32
0 2 -24
2 4 -42
18 2 -88
18 2 -86
18 2 -84
18 2 -82
0 10 -112
0 10 -110
18 34 -42
18 34 -98
18 34 -96
16 34 -18
10 28 -106
18 22 -16
18 18 -66
18 18 -64
18 18 -62
-4 14 -110
-4 14 -112
-16 26 -102
-18 18 -102
-12 38 -90
-12 38 -94
-12 38 -92
-8 2 -90
-18 18 -100
-18 26 -24
-18 30 -20
-6 2 -10
-18 8 -8
-8 2 -36
-8 2 -34
-18 18 -42
-18 6 -16
-16 26 -44
-12 38 -36
-12 38 -34
-16 34 -32
-18 2 -22
-16 2 -46
-18 2 -80
-18 2 -78
-18 2 -76
-8 2 -94
-8 2 -92
-2 40 -84
-18 34 -66
-18 34 -64
-18 34 -62
-14 36 -66
-14 36 -64
-14 36 -62
-8 18 -110
-8 18 -108
-18 18 -44
-16 26 -42
-18 26 -26
-18 18 -98
-18 18 -96
-12 22 -108
-2 62 -22
10 64 -20
6 40 -18
18 12 4
16 2 -4
-18 10 -4
0 40 2
10 2 68
10 2 70
10 2 72
10 2 74
6 38 18
10 38 20
14 36 10
14 38 14
10 2 14
18 8 12
18 20 38
18 20 40
16 4 48
0 4 44
18 28 28
18 28 30
16 36 34
16 36 36
16 4 50
14 2 20
18 4 18
0 4 42
8 36 46
16 4 52
18 12 62
18 12 64
18 12 66
16 36 94
16 36 90
16 36 92
14 38 68
14 38 70
14 38 72
14 38 74
8 28 106
18 28 82
18 28 84
18 28 86
18 28 88
-14 26 104
-2 38 90
-2 38 92
-2 38 94
-6 2 52
-18 20 18
-6 2 50
-16 2 8
-14 2 40
-14 2 38
-18 12 0
-10 38 38
-10 38 40
-18 28 36
-6 2 48
-18 28 34
-2 38 34
-2 38 36
-18 12 54
-18 12 56
-18 12 58
-18 12 60
-18 4 40
-18 4 38
-16 36 22
-16 36 76
-16 36 78
-16 36 80
-18 28 92
-18 28 94
-14 26 106
-18 28 90
18 16 -12
18 18 -10
16 20 -106
16 20 -104
16 20 -102
18 20 -18
16 2 -6
10 2 -42
18 12 -52
6 38 -40
6 38 -38
10 2 -44
18 12 -50
16 20 -44
18 28 -30
18 28 -28
18 12 -48
8 38 -8
2 42 -72
2 42 -70
2 42 -68
2 42 -74
18 4 -40
18 4 -38
10 2 -104
10 2 -102
10 2 -100
10 2 -98
10 2 -96
10 2 -106
14 38 -100
14 38 -42
14 38 -98
14 38 -96
16 36 -22
16 36 -80
16 36 -78
16 36 -76
16 20 -42
18 28 -88
18 28 -86
18 28 -84
18 28 -82
-6 2 -66
-6 2 -64
-6 2 -62
-18 28 -22
-10 38 -18
-6 38 -16
-2 38 -22
-18 10 -6
-18 34 -10
-14 36 -10
-14 38 -12
-10 2 -12
-18 20 -40
-18 20 -38
-16 4 -48
-16 28 -46
-16 36 -34
-16 36 -36
-16 4 -50
-14 2 -18
-18 4 -18
-8 36 -46
-16 4 -52
-18 12 -60
-18 12 -58
-18 12 -56
-18 12 -54
-18 32 -12
-16 36 -94
-16 36 -92
-16 36 -90
-4 32 -104
-18 28 -80
-18 28 -78
-18 28 -76
4 56 -14
-2 56 -10
2 42 -14
-4 42 -8
-2 2 -2
-18 14 2
-10 4 108
-10 4 110
-10 4 -110
-10 4 -108
18 22 104
18 22 106
18 22 102
8 38 52
4 2 90
18 22 100
18 30 18
18 12 6
18 34 12
6 2 8
4 2 34
4 2 36
18 22 42
16 30 52
16 6 46
12 2 46
16 30 48
8 38 48
8 38 50
18 32 8
4 2 94
4 2 92
6 20 108
18 22 44
16 30 50
18 6 76
18 6 78
18 6 80
18 6 22
18 22 96
18 22 98
0 30 104
0 30 106
-18 16 8
-18 18 12
-8 38 68
-8 38 70
-8 38 72
-8 38 74
-12 2 68
-12 2 70
-12 2 72
-12 2 74
-6 40 76
-6 40 78
-6 40 80
-18 6 96
-18 6 98
-18 6 100
-18 22 22
-12 38 20
-8 38 14
-12 2 14
-16 14 42
-10 36 42
-4 2 26
-18 30 38
-18 30 40
-16 14 44
-2 4 46
-8 2 20
-4 2 24
-10 36 44
-18 6 42
-10 36 104
-16 14 102
-16 14 104
-16 14 106
-18 22 76
-18 22 78
-18 22 80
-18 6 44
-18 6 102
18 22 -14
8 38 -66
8 38 -64
8 38 -62
4 2 -80
4 2 -78
4 2 -76
18 6 -94
18 6 -92
18 6 -90
12 38 -20
6 4 -52
18 30 -40
18 30 -38
14 36 -46
6 4 -48
6 4 -50
16 22 -46
4 2 -22
8 2 -16
18 6 -36
18 6 -34
16 34 -20
6 20 -108
18 22 -74
18 22 -72
18 22 -70
18 22 -68
14 12 -106
-12 2 -106
-8 38 -100
-8 38 -98
-8 38 -96
-18 30 -18
-12 2 -42
-6 2 -8
-8 38 -42
-8 38 -44
-18 8 -10
-4 2 -32
-16 30 -52
-18 22 -36
-18 6 -14
-12 2 -44
-16 30 -48
-18 22 -34
-8 38 -104
-8 38 -102
-4 42 -66
-4 42 -64
-4 42 -62
-12 2 -104
-12 2 -102
-12 2 -100
-12 2 -98
-12 2 -96
-6 24 -106
-16 30 -50
-18 6 -74
-18 6 -72
-18 6 -70
-18 6 -68
-18 22 -94
-18 22 -92
-18 22 -90
2 64 -22
-10 62 -20
2 46 -10
6 40 -20
2 40 -24
4 38 -2
18 14 -4
0 38 -4
2 2 2
18 32 -104
18 32 -106
6 2 68
6 2 70
6 2 72
6 2 74
6 38 20
10 38 18
18 10 6
18 34 10
18 32 14
6 2 14
18 16 52
4 4 44
18 16 48
18 24 32
2 38 28
2 38 30
14 2 18
18 4 20
4 4 42
16 8 42
16 8 44
2 38 86
2 38 88
2 38 84
18 32 70
18 32 72
18 32 74
18 32 68
18 16 50
16 8 102
16 8 104
-18 16 14
-18 18 10
-10 2 52
-18 20 20
-18 24 24
-10 2 50
-12 2 8
-18 32 52
-16 24 52
-6 38 40
-6 38 38
-18 8 46
-18 32 48
-10 2 48
-16 24 48
-18 32 50
-8 38 8
-4 38 6
-2 42 76
-2 42 78
-2 42 80
-14 38 52
-16 36 16
-8 16 110
-16 24 50
-18 24 26
-18 16 68
-18 16 70
-18 16 72
-18 16 74
-12 20 108
18 32 -44
18 32 -42
18 32 -100
18 24 -24
12 2 -10
14 2 -40
14 2 -38
6 2 -42
16 24 -52
10 38 -40
10 38 -38
18 8 -46
6 2 -44
16 24 -48
2 38 -30
2 38 -28
6 2 -100
6 2 -98
6 2 -96
6 2 -106
6 2 -104
6 2 -102
2 38 -86
2 38 -84
2 38 -88
18 32 -102
18 20 -16
16 24 -50
18 24 -26
18 16 -66
18 16 -64
18 16 -62
18 32 -98
18 32 -96
14 10 -106
14 10 -104
-18 16 -102
-10 2 -66
-10 2 -64
-10 2 -62
-18 16 -100
-10 38 -16
-6 38 -18
-6 2 -12
-12 4 -52
-18 16 -42
-18 4 -16
-12 4 -48
-12 4 -50
-18 24 -32
-14 2 -16
-18 32 -66
-18 32 -64
-18 32 -62
-14 38 -62
-14 38 -66
-14 38 -64
-8 16 -110
-18 16 -44
-18 16 -98
-18 16 -96
-12 20 -108
16 62 -22
2 42 -20
6 42 -24
-18 14 4
-2 2 -4
-6 4 108
-6 4 110
-6 4 -110
-6 4 -108
18 10 62
18 10 64
18 10 66
12 38 100
14 16 108
12 6 108
12 38 96
12 38 98
16 34 42
16 34 44
0 2 90
18 30 20
16 2 0
14 36 12
14 38 8
10 2 8
12 38 42
12 38 44
8 2 40
8 2 38
18 8 10
0 2 34
0 2 36
18 2 26
18 6 16
18 18 46
18 26 28
18 26 30
18 2 24
16 2 54
16 2 56
16 2 58
16 2 60
12 38 104
12 38 102
0 2 92
0 2 94
16 34 100
16 34 102
16 34 96
16 34 98
8 26 106
10 20 108
4 30 104
4 30 106
18 26 82
18 26 84
18 26 86
18 26 88
-18 10 54
-18 10 56
-18 10 58
-18 10 60
-14 28 102
-14 28 104
-12 38 18
-16 2 14
-18 10 0
-6 36 42
-18 2 32
-18 26 36
-18 34 46
-14 36 46
-18 26 34
-16 34 28
-16 34 30
-8 2 18
-6 36 44
-16 2 68
-16 2 70
-16 2 72
-16 2 74
-6 36 104
-16 34 82
-16 34 84
-16 34 86
-16 34 88
-2 32 104
-18 22 16
-18 26 92
-18 26 94
-14 28 106
-18 26 90
18 10 -52
18 10 -50
18 16 -8
14 16 -108
12 6 -108
12 38 -74
12 38 -72
12 38 -70
12 38 -68
0 2 -80
0 2 -78
0 2 -76
6 40 -74
6 40 -72
6 40 -70
6 40 -68
18 22 -20
12 38 -14
10 4 -52
16 34 -14
18 2 -32
18 10 -48
18 34 -46
2 4 -46
10 4 -48
10 4 -50
18 26 -30
18 26 -28
0 2 -22
8 2 -18
16 2 -60
16 2 -58
16 2 -56
16 2 -54
8 38 -12
16 34 -74
16 34 -72
16 34 -70
16 34 -68
10 20 -108
18 26 -88
18 26 -86
18 26 -84
18 26 -82
-18 10 -60
-18 10 -58
-18 10 -56
-18 10 -54
-4 38 -52
-18 26 -22
-16 2 -42
-18 12 -6
-14 38 -8
-10 2 -8
-8 2 -40
-8 2 -38
-16 2 -44
-12 38 -40
-12 38 -38
-18 2 -26
-18 30 -16
-18 18 -46
-16 26 -46
-16 34 -30
-16 34 -28
-4 38 -48
-4 38 -50
-18 2 -24
-18 32 -8
-16 34 -82
-16 34 -88
-16 34 -86
-16 34 -84
-10 24 -106
-18 26 -80
-18 26 -78
-18 26 -76
-18 6 -20
-16 2 -102
-16 2 -100
-16 2 -98
-16 2 -96
-16 2 -104
-2 62 -24
-2 54 -6
-6 62 -20
2 44 -14
-4 42 -12
6 40 -14
18 14 -2
0 38 -2
2 2 4
4 38 -4
-10 6 108
-10 6 110
-10 6 -110
-10 6 -108
-16 28 -106
-16 28 -104
18 20 102
0 12 112
6 38 76
6 38 78
6 38 80
2 2 62
2 2 64
2 2 66
18 20 100
18 28 24
10 38 16
6 38 22
18 34 8
6 2 12
18 20 42
16 4 46
16 36 32
8 36 48
8 36 50
14 2 16
18 4 22
8 36 52
18 32 12
6 22 108
18 20 44
18 28 26
18 4 76
18 4 78
18 4 80
18 20 96
18 20 98
-18 16 12
-18 18 8
-10 38 96
-10 38 98
-10 38 100
-6 42 82
-6 42 84
-18 4 96
-18 4 98
-18 4 100
-4 40 58
-18 20 22
-12 2 10
-14 2 42
-18 14 6
-10 38 42
-10 38 44
-14 2 44
-18 4 42
-6 2 46
-18 28 32
-2 38 32
-18 4 44
-10 38 104
-10 38 102
-8 38 10
-16 36 18
-18 20 76
-18 20 78
-18 20 80
-14 2 96
-14 2 98
-14 2 100
-14 2 102
-14 2 104
-18 4 102
-14 2 106
18 20 -14
0 12 -112
6 38 -94
6 38 -92
6 38 -90
2 2 -52
18 4 -94
18 4 -92
18 4 -90
2 2 -50
12 2 -8
18 4 -36
18 4 -34
10 2 -46
2 2 -48
16 20 -46
18 28 -32
6 38 -36
6 38 -34
16 36 -26
4 38 -6
16 36 -24
6 22 -108
10 26 -106
18 20 -74
18 20 -72
18 20 -70
18 20 -68
12 24 -106
-16 28 -102
-10 38 -74
-10 38 -72
-10 38 -70
-10 38 -68
-6 42 -84
-6 42 -82
-4 40 -58
-18 28 -24
-10 38 -14
-6 38 -20
-2 38 -26
-2 38 -24
-14 2 -14
-8 36 -42
-18 8 -12
-18 20 -36
-18 4 -14
-16 28 -44
-18 20 -34
-16 36 -38
-8 36 -44
-14 2 -74
-14 2 -72
-14 2 -70
-14 2 -68
-16 36 -40
-8 36 -104
-16 28 -42
-18 28 -26
-18 4 -74
-18 4 -72
-18 4 -70
-18 4 -68
-18 20 -94
-18 20 -92
-18 20 -90
-16 64 -20
2 46 -12
2 42 -18
18 10 4
-4 38 4
-18 12 -4
-18 30 106
-18 30 104
16 22 -106
16 22 -104
0 38 54
0 38 56
0 38 58
12 2 52
18 30 22
12 2 50
18 14 0
14 36 14
14 38 10
10 2 10
2 2 6
18 8 8
4 2 32
18 22 38
18 22 40
16 6 48
12 2 48
16 30 46
8 38 46
18 14 54
18 14 56
18 14 58
18 14 60
0 38 0
4 42 72
4 42 74
4 42 68
4 42 70
16 6 52
4 10 112
4 10 110
14 36 68
14 36 70
14 36 72
14 36 74
2 24 108
18 30 76
18 30 78
18 30 80
16 6 50
18 6 18
-4 2 82
-4 2 84
-4 2 86
-4 2 88
-18 30 100
-18 22 18
-12 38 16
-2 4 52
-16 2 12
-4 2 28
-4 2 30
-18 30 42
-2 4 48
-2 4 50
-8 2 16
-18 14 62
-18 14 64
-18 14 66
-18 6 40
-18 6 38
-18 30 44
-18 30 96
-18 30 98
-14 8 108
-18 30 102
18 16 -10
18 18 -12
16 22 -102
0 38 -58
0 38 -56
0 38 -54
12 2 -66
12 2 -64
12 2 -62
18 22 -18
12 38 -16
4 2 -26
18 30 -36
14 36 -44
16 22 -44
18 30 -34
4 2 -24
8 2 -20
18 14 -60
18 14 -58
18 14 -56
18 14 -54
18 6 -40
18 6 -38
4 10 -112
4 10 -110
14 36 -102
14 36 -100
14 36 -42
14 36 -96
14 36 -98
16 34 -16
2 24 -108
6 28 -106
16 22 -42
18 30 -94
18 30 -92
18 30 -90
-18 30 -14
-4 2 -88
-4 2 -86
-4 2 -84
-4 2 -82
-18 34 -12
-14 36 -12
-14 38 -10
-10 2 -10
-2 2 -6
-18 14 -52
-4 2 -30
-4 2 -28
-18 22 -40
-18 22 -38
-16 6 -48
-12 2 -46
-18 14 -48
-18 14 -50
-8 38 -46
-18 32 -10
-16 6 -52
-4 34 -104
-18 30 -74
-18 30 -72
-18 30 -70
-18 30 -68
-16 6 -50
-18 6 -18
-12 26 -106
-14 8 -108
6 64 -20
2 66 -22
2 64 -24
-6 62 -18
-2 56 -12
2 44 -16
6 40 -16
16 2 -2
-18 10 -2
18 12 2
4 40 2
10 6 108
10 6 110
-8 8 108
-8 8 110
10 6 -108
10 6 -110
-8 8 -110
-8 8 -108
18 8 52
18 8 50
16 16 102
16 16 104
16 16 106
10 38 96
10 38 98
10 38 100
6 42 82
6 42 84
12 2 8
14 2 42
10 38 42
10 38 44
14 2 44
18 8 48
6 2 46
16 16 44
18 32 46
18 24 28
18 24 30
2 38 32
10 38 104
10 38 102
4 38 6
8 24 106
16 16 42
18 20 16
18 24 82
18 24 84
18 24 86
18 24 88
14 2 96
14 2 98
14 2 100
14 2 102
14 2 104
12 20 108
14 2 106
-18 8 68
-18 8 70
-18 8 72
-18 8 74
-6 38 76
-6 38 78
-6 38 80
-2 2 62
-2 2 64
-2 2 66
-6 38 22
-10 38 16
-6 2 12
-18 8 14
-18 24 36
-18 4 16
-4 4 44
-18 16 46
-18 24 34
-14 2 16
-4 4 42
-6 22 108
-18 24 92
-18 24 94
-18 24 90
18 8 -66
18 8 -64
18 8 -62
10 38 -74
10 38 -72
10 38 -70
10 38 -68
6 42 -84
6 42 -82
2 38 -26
2 38 -24
6 38 -20
10 38 -14
12 4 -52
14 2 -14
18 34 -8
12 4 -48
12 4 -50
18 16 -46
18 24 -30
18 24 -28
18 4 -20
14 2 -68
14 2 -74
14 2 -72
14 2 -70
0 32 -104
18 24 -88
18 24 -86
18 24 -84
18 24 -82
12 20 -108
-18 18 -8
-6 38 -94
-6 38 -92
-6 38 -90
-2 2 -52
-18 8 -100
-18 8 -98
-18 8 -96
-18 20 -20
-18 24 -22
-2 2 -50
-12 2 -10
-18 14 -6
-10 2 -46
-2 2 -48
-16 24 -46
-18 32 -46
-6 38 -34
-6 38 -36
-8 38 -10
-18 8 -42
-18 8 -44
-16 36 -16
-10 26 -106
-6 22 -108
-18 24 -80
-18 24 -78
-18 24 -76
-18 8 -102
16 64 -22
-2 46 -12
0 44 -12
0 42 -8
-2 42 -18
18 12 -2
16 2 2
-18 10 2
18 16 10
18 18 14
8 2 76
8 2 78
8 2 80
18 2 90
18 2 92
18 2 94
18 22 20
12 38 18
2 4 52
0 2 26
18 2 36
18 2 34
18 34 48
18 34 50
2 4 48
2 4 50
18 26 32
0 2 24
8 2 22
18 34 52
8 38 12
16 34 18
8 18 108
8 18 110
18 18 68
18 18 70
18 18 72
18 18 74
14 8 108
-12 38 100
-12 6 108
-12 38 96
-12 38 98
-18 26 24
-18 34 14
-14 36 14
-14 38 10
-2 2 6
-10 2 10
-12 38 44
-12 38 42
-8 2 42
-16 10 42
-18 18 52
-16 26 52
-18 2 28
-18 2 30
-18 30 16
-16 10 44
-8 2 44
-18 18 48
-16 26 48
-16 34 32
-16 2 46
-18 2 82
-18 2 84
-18 2 86
-18 2 88
-18 32 10
-12 38 104
-12 38 102
-8 2 96
-8 2 98
-8 2 100
-8 2 102
-8 2 104
-8 2 106
-18 34 68
-18 34 70
-18 34 72
-18 34 74
-14 36 68
-14 36 70
-14 36 72
-14 36 74
-4 30 104
-4 30 106
-2 24 108
-18 18 50
-16 26 50
-18 26 26
-18 6 20
-16 10 102
-16 10 104
-16 10 106
18 18 -102
4 38 -52
8 2 -90
18 18 -100
18 26 -24
18 30 -20
14 36 -12
14 38 -10
2 2 -6
10 2 -10
18 8 -8
0 2 -32
8 2 -36
8 2 -34
18 18 -42
16 26 -52
12 38 -40
12 38 -38
18 6 -16
16 26 -48
16 34 -38
4 38 -48
4 38 -50
18 2 -22
18 2 -80
18 2 -78
18 2 -76
0 42 -62
0 42 -66
0 42 -64
8 2 -94
8 2 -92
16 34 -40
18 34 -66
18 34 -64
18 34 -62
8 18 -110
8 18 -108
18 18 -44
16 26 -50
18 26 -26
18 18 -98
18 18 -96
14 8 -108
-12 6 -108
-12 38 -74
-12 38 -72
-12 38 -70
-12 38 -68
-18 34 -44
-8 2 -74
-8 2 -72
-8 2 -70
-8 2 -68
-12 38 -14
-18 34 -100
-8 2 -14
-18 2 -30
-18 2 -28
-14 36 -44
-18 26 -32
-16 34 -26
-18 2 -88
-18 2 -86
-18 2 -84
-18 2 -82
-14 36 -102
-14 36 -100
-14 36 -42
-18 34 -42
-18 34 -98
-18 34 -96
-14 36 -98
-14 36 -96
-16 34 -24
-6 28 -106
-2 24 -108
-18 22 -16
-18 18 -66
-18 18 -64
-18 18 -62
-6 64 -20
-2 64 -24
-2 66 -22
2 56 -12
6 62 -18
-2 44 -16
4 42 -12
-6 40 -16
-18 12 4
18 10 -4
-4 38 -4
10 2 52
4 40 58
18 20 18
10 2 50
12 2 10
18 12 0
16 20 52
6 38 38
6 38 40
18 28 36
10 2 48
16 20 48
18 28 34
16 36 28
16 36 30
18 12 54
18 12 56
18 12 58
18 12 60
2 42 76
2 42 78
2 42 80
18 4 38
18 4 40
14 38 52
16 36 82
16 36 84
16 36 86
16 36 88
16 20 50
18 28 92
18 28 94
18 28 90
-6 2 68
-6 2 70
-6 2 72
-6 2 74
-6 38 20
-10 38 18
-6 2 14
-18 8 12
-18 20 40
-18 20 38
-16 28 46
-18 28 28
-18 28 30
-2 38 28
-2 38 30
-14 2 18
-16 36 44
-18 4 18
-8 36 46
-18 12 62
-18 12 64
-18 12 66
-2 38 84
-2 38 86
-2 38 88
-16 36 100
-16 36 42
-16 36 96
-16 36 98
-8 28 106
-18 28 82
-18 28 84
-18 28 86
-18 28 88
10 2 -62
10 2 -66
10 2 -64
4 40 -58
18 28 -22
6 38 -18
10 38 -16
18 10 -6
18 34 -10
6 2 -12
16 4 -42
18 20 -40
18 20 -38
16 36 -30
16 36 -28
0 36 -48
0 36 -50
14 2 -16
18 4 -18
16 4 -44
0 36 -52
8 36 -46
18 12 -60
18 12 -58
18 12 -56
18 12 -54
18 32 -12
14 38 -66
14 38 -64
14 38 -62
16 36 -88
16 36 -86
16 36 -84
16 36 -82
18 28 -80
18 28 -78
18 28 -76
16 4 -104
16 4 -102
-18 16 -12
-18 18 -10
-18 20 -18
-12 2 -8
-14 2 -40
-14 2 -38
-16 36 -14
-6 2 -42
-18 12 -52
-16 20 -52
-10 38 -40
-10 38 -38
-6 2 -44
-16 20 -48
-18 12 -50
-18 28 -30
-18 28 -28
-2 38 -30
-2 38 -28
-18 12 -48
-8 38 -8
-4 38 -6
-18 4 -40
-18 4 -38
-6 2 -106
-6 2 -104
-6 2 -102
-6 2 -100
-6 2 -98
-6 2 -96
-2 38 -88
-2 38 -86
-2 38 -84
-16 36 -74
-16 36 -72
-16 36 -70
-16 36 -68
-16 20 -50
-18 28 -88
-18 28 -86
-18 28 -84
-18 28 -82
-12 24 -106
-14 10 -106
-14 10 -104
-16 62 -20
0 42 -10
-2 42 -20
-6 42 -24
4 38 4
2 2 -4
18 14 2
0 38 2
6 4 108
6 4 110
6 4 -110
6 4 -108
-18 22 104
-18 22 106
16 30 -106
16 30 -104
16 30 -102
0 14 110
0 14 112
18 16 8
18 18 12
14 28 102
14 28 104
8 38 68
8 38 70
8 38 72
8 38 74
4 2 82
4 2 84
4 2 86
4 2 88
18 6 96
18 6 98
18 6 100
18 22 22
8 38 14
12 38 16
6 36 42
4 2 28
4 2 30
18 30 38
18 30 40
14 36 46
16 22 46
8 2 20
6 36 44
18 6 42
6 36 104
16 34 16
2 32 104
18 22 76
18 22 78
18 22 80
18 6 44
18 6 102
14 28 106
-18 22 102
-14 16 108
-8 38 52
-12 2 52
-18 22 100
-18 30 18
-12 2 50
-18 12 6
-18 34 12
-14 36 12
-14 38 8
-10 2 8
-4 2 32
-18 22 42
-12 2 48
-8 38 48
-8 38 50
-18 32 8
-4 42 68
-4 42 70
-4 42 72
-4 42 74
-4 10 112
-4 10 110
-10 20 108
-18 22 44
-18 6 76
-18 6 78
-18 6 80
-18 6 22
-18 22 96
-18 22 98
0 14 -110
0 14 -112
8 38 -100
8 38 -98
8 38 -96
4 2 -88
4 2 -86
4 2 -84
4 2 -82
18 30 -18
14 38 -8
10 2 -8
8 38 -44
8 38 -42
18 8 -10
4 2 -30
4 2 -28
16 6 -46
18 22 -36
18 6 -14
12 2 -46
16 30 -44
18 22 -34
8 38 -104
8 38 -102
4 34 -104
10 24 -106
16 30 -42
18 6 -72
18 6 -70
18 6 -68
18 6 -74
18 22 -94
18 22 -92
12 26 -106
18 22 -90
-18 22 -14
-14 16 -108
-8 38 -66
-8 38 -64
-8 38 -62
-12 2 -66
-12 2 -64
-12 2 -62
-6 40 -74
-6 40 -72
-6 40 -70
-6 40 -68
-18 6 -94
-18 6 -92
-18 6 -90
-12 38 -16
-16 2 -12
-4 2 -26
-10 4 -52
-18 30 -40
-18 30 -38
-10 4 -48
-2 4 -46
-10 4 -50
-8 2 -16
-4 2 -24
-18 6 -34
-18 6 -36
-4 10 -112
-4 10 -110
-10 20 -108
-18 22 -74
-18 22 -72
-18 22 -70
-18 22 -68
2 62 -24
2 54 -6
6 62 -20
-2 44 -14
0 46 -14
-6 40 -14
-2 2 4
-18 14 -4
-4 40 2
-18 32 -104
-18 32 -106
-16 24 -106
-16 24 -104
18 16 14
18 18 10
14 26 104
2 38 90
2 38 92
2 38 94
6 2 52
0 40 58
18 20 20
18 24 24
6 2 50
16 2 6
14 2 38
14 2 40
18 32 52
10 38 38
10 38 40
18 8 46
18 32 48
6 2 48
2 38 34
2 38 36
18 32 50
8 38 8
8 16 110
18 24 26
18 16 68
18 16 70
18 16 72
18 16 74
14 26 106
-4 12 112
-12 4 108
-10 2 68
-10 2 70
-10 2 72
-10 2 74
-6 38 18
-10 38 20
-18 10 6
-18 34 10
-14 36 10
-14 38 14
-18 32 14
-10 2 14
-12 36 42
-18 16 52
-12 36 44
-18 16 48
-18 24 32
-14 2 20
-18 4 20
-12 36 100
-12 36 102
-18 32 68
-18 32 70
-18 32 72
-18 32 74
-12 36 104
-14 38 68
-14 38 70
-14 38 72
-14 38 74
-18 16 50
18 16 -102
6 2 -66
6 2 -64
6 2 -62
0 40 -58
18 16 -100
2 38 -22
6 38 -16
10 38 -18
14 36 -10
14 38 -12
10 2 -12
18 16 -42
18 4 -16
18 24 -32
4 36 -48
4 36 -50
14 2 -18
4 36 -52
18 32 -66
18 32 -64
18 32 -62
8 16 -110
18 16 -44
18 16 -98
18 16 -96
12 28 -106
12 28 -104
-16 24 -102
-4 12 -112
-12 4 -108
-18 32 -44
-18 32 -42
-18 32 -100
-18 24 -24
-16 2 -8
-10 2 -42
-6 38 -40
-6 38 -38
-18 8 -46
-10 2 -44
-16 24 -44
-2 42 -74
-2 42 -72
-2 42 -70
-2 42 -68
-10 2 -106
-10 2 -104
-10 2 -102
-10 2 -100
-10 2 -98
-10 2 -96
-14 38 -100
-14 38 -42
-14 38 -98
-14 38 -96
-16 36 -20
-18 32 -102
-16 24 -42
-18 20 -16
-18 24 -26
-18 16 -66
-18 16 -64
-18 16 -62
-18 32 -98
-18 32 -96
12 64 -20
2 56 -10
-4 58 -12
-2 42 -14
4 42 -10
2 2 -2
18 14 4
0 38 4
4 38 2
10 4 108
10 4 110
10 4 -108
10 4 -110
20 30 -104
-20 22 -104
18 10 54
18 10 56
18 10 58
18 10 60
4 14 110
4 14 112
16 18 102
16 18 104
16 18 106
12 38 76
12 38 78
12 38 80
0 2 86
0 2 88
0 2 82
0 2 84
6 40 76
6 40 78
6 40 80
12 38 22
12 2 12
18 10 0
10 36 42
0 2 28
0 2 30
18 2 32
18 26 36
18 34 46
2 4 46
16 18 44
18 26 34
8 2 18
10 36 44
16 2 62
16 2 64
16 2 66
10 36 104
16 34 22
16 34 76
16 34 78
16 34 80
16 18 42
18 22 16
18 26 92
18 26 94
12 22 108
18 26 90
-18 10 62
-18 10 64
-18 10 66
-4 38 54
-4 38 56
-4 38 58
-18 30 20
-6 2 8
-8 2 38
-8 2 40
-18 8 10
-12 38 38
-12 38 40
-18 2 26
-18 6 16
-18 18 46
-16 26 46
-18 26 28
-18 26 30
-16 34 34
-16 34 36
-18 2 24
-16 2 48
-16 2 52
-16 2 50
-4 38 0
-16 34 90
-16 34 92
-16 34 94
-8 26 106
-6 20 108
-18 26 82
-18 26 84
-18 26 86
-18 26 88
18 10 -60
18 10 -58
18 10 -56
18 10 -54
4 14 -110
4 14 -112
12 38 -90
12 38 -94
12 38 -92
0 2 -88
0 2 -86
0 2 -84
0 2 -82
18 26 -22
18 12 -6
6 2 -8
8 2 -40
8 2 -38
0 2 -30
0 2 -28
18 2 -26
18 30 -16
18 18 -46
12 38 -36
12 38 -34
16 34 -36
16 34 -34
18 2 -24
16 2 -48
16 2 -52
16 2 -50
18 32 -8
0 34 -104
16 34 -94
16 34 -92
16 34 -90
6 24 -106
18 26 -80
18 26 -78
18 26 -76
18 6 -20
12 22 -108
-18 10 -52
-18 10 -50
-18 16 -8
-4 38 -56
-4 38 -54
-4 38 -58
-18 22 -20
-12 38 -18
-6 4 -52
-12 2 -12
-18 2 -32
-18 10 -48
-18 34 -46
-14 36 -46
-6 4 -48
-6 4 -50
-18 26 -30
-18 26 -28
-8 2 -18
-16 2 -66
-16 2 -64
-16 2 -62
-8 38 -12
-16 34 -22
-16 34 -80
-16 34 -78
-16 34 -76
-6 20 -108
-18 26 -88
-18 26 -86
-18 26 -84
-18 26 -82
-14 12 -106
-2 64 -22
10 62 -20
-2 46 -10
-6 40 -20
-2 40 -24
-18 14 -2
-2 2 2
6 6 108
6 6 110
6 6 -110
6 6 -108
18 16 12
18 18 8
2 2 108
6 38 96
6 38 98
6 38 100
2 2 54
2 2 56
2 2 58
2 2 60
18 4 96
18 4 98
18 4 100
18 20 22
18 14 6
2 2 0
6 38 42
6 38 44
18 4 42
10 2 46
16 20 46
18 28 32
16 36 26
18 4 44
6 38 104
6 38 102
0 38 6
8 38 10
2 34 104
16 36 24
18 20 76
18 20 78
18 20 80
18 4 102
-18 20 102
-14 18 108
-10 38 76
-10 38 78
-10 38 80
-18 20 100
-18 28 24
-2 38 24
-2 38 26
-10 38 22
-6 38 16
-16 12 42
-18 34 8
-14 36 8
-14 38 12
-10 2 12
-18 20 42
-16 28 52
-16 12 44
-16 28 48
-16 36 38
-8 36 48
-8 36 50
-14 2 22
-18 4 22
-8 36 52
-14 2 76
-14 2 78
-14 2 80
-18 32 12
-16 36 40
-10 22 108
-18 20 44
-16 28 50
-18 28 26
-18 4 76
-18 4 78
-18 4 80
-18 20 96
-18 20 98
-16 12 102
-16 12 104
-16 12 106
2 2 -108
6 38 -74
6 38 -72
6 38 -70
6 38 -68
2 2 -60
2 2 -58
2 2 -56
2 2 -54
18 28 -24
6 38 -14
10 38 -20
14 36 -8
8 36 -42
18 8 -12
16 28 -52
16 4 -46
18 20 -36
18 4 -14
16 28 -48
18 20 -34
16 36 -32
8 36 -44
14 2 -20
8 36 -104
4 32 -104
14 14 -106
16 28 -50
18 28 -26
18 4 -74
18 4 -72
18 4 -70
18 4 -68
18 20 -94
18 20 -92
18 20 -90
-18 20 -14
-14 18 -108
-10 38 -90
-10 38 -94
-10 38 -92
-6 42 -80
-6 42 -78
-6 42 -76
-18 4 -94
-18 4 -92
-18 4 -90
-16 2 -10
-14 2 -36
-14 2 -34
-14 34 -48
-14 34 -50
-18 4 -36
-18 4 -34
-6 2 -46
-18 28 -32
-10 38 -36
-10 38 -34
-2 38 -32
-14 34 -52
-14 2 -90
-16 36 -18
-10 22 -108
-6 26 -106
-2 30 -106
-2 30 -104
-18 20 -74
-18 20 -72
-18 20 -70
-18 20 -68
-14 2 -94
-14 2 -92
-16 60 -22
2 56 -8
-4 56 -14
2 52 -6
-2 42 -16
-6 42 -22
4 42 -8
16 2 4
-18 10 4
18 12 -4
18 30 106
18 30 104
12 2 68
12 2 70
12 2 72
12 2 74
18 30 100
18 22 18
12 38 20
12 2 14
4 2 26
18 30 42
16 22 52
14 36 50
16 22 48
4 2 24
8 2 16
14 36 48
18 14 62
18 14 64
18 14 66
18 6 38
18 6 40
2 40 84
14 36 52
16 34 20
18 30 44
16 22 50
18 30 96
18 30 98
18 30 102
-14 24 104
-14 24 106
-4 2 90
-18 30 22
-18 14 0
-6 2 10
-18 8 8
-4 2 34
-4 2 36
-18 22 40
-18 22 38
-12 2 46
-8 38 46
-18 14 54
-18 14 56
-18 14 58
-18 14 60
-4 2 92
-4 2 94
-18 30 76
-18 30 78
-18 30 80
-18 6 18
18 30 -14
12 2 -106
0 38 -52
12 2 -42
18 34 -12
6 2 -10
18 14 -52
4 2 -32
18 22 -40
18 22 -38
12 2 -44
18 14 -48
18 14 -50
16 30 -46
0 38 -48
0 38 -50
8 38 -46
18 32 -10
4 42 -66
4 42 -64
4 42 -62
12 2 -104
12 2 -102
12 2 -100
12 2 -98
12 2 -96
2 40 -84
14 36 -66
14 36 -64
14 36 -62
18 30 -74
18 30 -72
18 30 -70
18 30 -68
18 6 -18
16 6 -42
16 6 -44
16 6 -104
16 6 -102
-18 16 -10
-18 18 -12
-4 2 -80
-4 2 -78
-4 2 -76
-18 22 -18
-12 38 -20
-16 22 -52
-18 30 -36
-2 4 -44
-16 22 -48
-18 30 -34
-8 2 -20
-4 2 -22
-2 4 -42
-18 14 -60
-18 14 -58
-18 14 -56
-18 14 -54
-18 6 -40
-18 6 -38
-10 28 -106
-16 22 -50
-18 30 -94
-18 30 -92
-18 30 -90
-10 64 -20
2 62 -22
0 42 -12
-6 40 -18
18 10 -2
-4 38 -2
-18 12 2
-16 32 104
-16 32 106
-16 32 102
-18 24 104
-18 24 106
20 28 -104
18 8 54
18 8 56
18 8 58
18 8 60
18 18 6
10 38 90
10 38 92
10 38 94
6 42 76
6 42 78
6 42 80
18 24 22
16 2 10
18 14 8
18 8 0
2 38 38
2 38 40
14 2 34
14 2 36
14 34 48
14 34 50
16 24 46
10 38 34
10 38 36
14 34 52
14 2 90
0 38 8
16 36 20
18 24 76
18 24 78
18 24 80
14 2 92
14 2 94
0 16 110
-18 8 62
-18 8 64
-18 8 66
-18 24 102
-6 38 82
-6 38 84
-6 38 86
-16 32 42
-16 32 44
-2 2 68
-2 2 70
-2 2 72
-2 2 74
-18 24 100
-18 28 20
-2 38 20
-18 12 12
-18 10 10
-18 34 6
-14 36 6
-2 2 14
-18 24 42
-12 4 46
-6 38 28
-6 38 30
-4 36 48
-4 36 50
-4 36 52
-6 38 88
-16 32 100
-14 14 108
-18 24 44
-18 24 96
-18 24 98
18 8 -60
18 8 -58
18 8 -56
18 8 -54
14 18 -106
10 38 -80
10 38 -78
10 38 -76
2 38 -18
10 38 -22
14 36 -6
2 2 -12
12 4 -42
18 24 -36
12 4 -44
18 24 -34
14 2 -22
4 36 -46
14 2 -80
14 2 -78
14 2 -76
18 28 -16
18 24 -94
18 24 -92
12 4 -106
0 16 -110
18 24 -90
-18 8 -52
-18 8 -50
-18 24 -14
-6 38 -86
-6 38 -84
-6 38 -82
-2 2 -42
-18 8 -48
-2 2 -44
-6 38 -30
-6 38 -28
-2 2 -106
-2 2 -104
-2 2 -102
-2 2 -100
-2 2 -98
-2 2 -96
-6 38 -88
-14 14 -108
-18 24 -70
-18 24 -68
-18 24 -74
-18 24 -72
-16 60 -20
2 52 -8
2 56 -6
-6 42 -20
4 42 -6
-2 42 -24
14 38 -2
10 2 -2
8 38 4
6 2 -4
18 32 -4
-18 16 -4
16 26 -106
16 26 -104
2 4 108
8 2 82
8 2 84
8 2 86
8 2 88
18 2 96
18 2 98
18 2 100
0 42 58
4 38 14
12 38 24
12 38 26
18 2 42
18 34 0
2 36 42
18 2 44
8 2 28
8 2 30
18 26 38
18 26 40
10 4 46
16 34 26
4 2 20
0 2 18
2 36 44
18 10 46
0 42 60
18 34 54
18 34 56
18 34 58
18 34 60
2 36 104
16 34 24
6 32 104
18 18 62
18 18 64
18 18 66
18 2 102
-18 18 0
-14 20 106
-12 38 90
-12 38 92
-12 38 94
-8 2 90
-18 26 18
-18 8 6
-8 2 34
-8 2 36
-12 38 34
-12 38 36
-16 34 38
-4 38 46
-18 2 22
-18 2 76
-18 2 78
-18 2 80
-8 2 92
-8 2 94
-16 34 40
-18 34 62
-18 34 64
-18 34 66
-14 36 62
-14 36 64
-14 36 66
-18 18 54
-18 18 56
-18 18 58
-18 18 60
16 26 -102
2 4 -108
4 38 -96
4 38 -100
4 38 -98
8 2 -88
8 2 -86
8 2 -84
8 2 -82
0 42 -58
18 26 -18
18 2 -14
18 12 -10
4 38 -44
4 38 -42
0 2 -40
0 2 -38
8 2 -30
8 2 -28
18 18 -52
18 18 -48
16 26 -44
12 38 -32
16 34 -32
16 2 -46
18 2 -74
18 2 -72
18 2 -70
18 2 -68
4 38 -104
4 38 -102
0 42 -60
18 34 -60
18 34 -58
18 34 -56
18 34 -54
8 34 -104
16 26 -42
18 18 -50
12 30 -106
12 30 -104
-12 38 -80
-12 38 -78
-12 38 -76
-8 2 -80
-8 2 -78
-8 2 -76
-18 2 -92
-18 2 -90
-18 2 -94
-12 38 -22
-18 14 -12
-18 26 -40
-18 26 -38
-18 2 -36
-18 2 -34
-18 34 -48
-18 34 -50
-14 36 -50
-6 4 -46
-8 2 -22
-4 2 -20
-18 10 -46
-14 36 -48
-18 34 -52
-14 36 -52
-16 34 -18
-18 18 -60
-18 18 -58
-18 18 -56
-18 18 -54
-12 22 -106
-10 64 -22
6 62 -24
6 58 -14
6 60 -20
-2 50 -8
-2 40 -14
0 42 0
-12 2 -2
-8 38 -2
-6 2 4
-16 2 -4
18 16 2
-14 38 2
-10 2 2
-18 32 2
18 28 104
18 28 106
18 28 102
10 2 108
10 2 54
10 2 56
10 2 58
10 2 60
18 28 100
18 24 20
18 20 24
16 2 8
18 14 10
14 38 0
10 2 0
18 12 52
18 28 42
18 4 32
2 2 46
18 12 50
6 38 32
18 12 48
0 38 10
8 38 6
2 42 82
2 42 84
10 34 104
16 36 22
14 38 54
14 38 56
14 38 58
14 38 60
16 36 76
16 36 78
16 36 80
4 24 106
18 28 44
18 20 26
18 28 96
18 28 98
14 6 104
14 6 106
-8 12 112
-6 2 62
-6 2 64
-6 2 66
-18 28 22
-10 38 24
-10 38 26
-2 38 22
-18 10 8
-18 12 14
-2 2 12
-14 2 26
-16 4 48
-18 4 26
-18 20 32
-16 36 34
-16 36 36
-16 4 50
-14 2 24
-18 4 24
-16 4 52
-18 12 68
-18 12 70
-18 12 72
-18 12 74
-16 36 90
-16 36 92
-16 36 94
-2 22 108
-18 28 76
-18 28 78
-18 28 80
18 28 -14
10 2 -108
10 2 -60
10 2 -58
10 2 -56
10 2 -54
2 38 -20
6 38 -26
6 38 -24
0 36 -42
16 4 -48
18 4 -26
16 28 -46
18 20 -32
16 36 -36
16 36 -34
0 36 -44
16 4 -50
18 4 -24
16 4 -52
18 12 -66
18 12 -64
18 12 -62
2 42 -84
2 42 -82
0 36 -104
16 36 -94
16 36 -92
16 36 -90
14 38 -60
14 38 -58
14 38 -56
14 38 -54
18 28 -74
18 28 -72
18 28 -70
18 28 -68
-16 20 -106
-16 20 -104
-16 20 -102
-8 12 -112
-2 38 -94
-2 38 -92
-2 38 -90
-6 2 -52
-18 20 -24
-6 2 -50
-16 2 -6
-18 12 -42
-18 12 -44
-14 2 -32
-18 28 -36
-14 34 -46
-18 4 -32
-6 2 -48
-16 20 -44
-18 28 -34
-10 38 -32
-2 38 -36
-2 38 -34
-18 12 -100
-16 36 -22
-16 36 -76
-16 36 -80
-16 36 -78
-10 30 -106
-10 30 -104
-2 22 -108
-16 20 -42
-18 24 -16
-18 20 -26
-18 28 -94
-18 28 -92
-18 12 -98
-18 12 -96
-18 12 -102
-18 28 -90
-12 62 -22
12 64 -22
2 52 -10
0 40 -12
-6 42 -18
18 8 -2
18 18 4
-18 34 4
-14 36 4
12 2 2
-12 34 102
-14 32 -104
-14 32 -102
-14 32 -100
8 38 62
8 38 64
8 38 66
4 2 76
4 2 78
4 2 80
18 6 90
18 6 92
18 6 94
6 4 52
16 14 42
16 14 44
6 4 48
6 4 50
18 22 28
18 22 30
18 30 32
4 2 22
0 2 16
18 6 34
18 6 36
4 38 12
4 18 108
4 18 110
16 14 102
16 14 104
16 14 106
18 22 82
18 22 84
18 22 86
18 22 88
14 12 108
-12 2 108
-8 38 56
-8 38 58
-8 38 60
-8 38 54
-12 2 54
-12 2 56
-12 2 58
-12 2 60
-18 30 24
-12 2 0
-6 2 6
-4 2 38
-4 2 40
-16 30 52
-18 30 26
-16 6 46
-18 22 36
-12 34 44
-16 30 48
-18 14 46
-18 22 34
-18 2 20
-18 6 30
-18 6 28
-8 38 0
-4 42 62
-4 42 64
-4 42 66
-12 34 104
-12 34 42
-6 24 108
-4 26 106
-18 26 16
-16 30 50
-18 6 82
-18 6 84
-18 6 86
-18 6 88
-18 22 92
-18 22 94
-18 22 90
8 38 -52
4 2 -90
18 30 -24
18 26 -20
18 12 -8
18 10 -12
6 2 -6
4 2 -36
4 2 -34
16 30 -52
18 30 -26
18 2 -16
16 30 -48
18 14 -46
18 22 -30
18 22 -28
8 38 -48
8 38 -50
0 38 -46
18 32 -6
4 2 -94
4 2 -92
4 18 -108
4 18 -110
16 30 -50
18 22 -88
18 22 -86
18 22 -84
18 22 -82
18 6 -80
18 6 -78
18 6 -76
18 6 -22
14 12 -108
-18 16 -6
-12 2 -108
-8 38 -60
-8 38 -58
-8 38 -56
-8 38 -54
-12 2 -60
-12 2 -58
-12 2 -56
-12 2 -54
-6 40 -80
-6 40 -78
-6 40 -76
-18 22 -22
-16 22 -46
-18 30 -32
-4 2 -18
-10 4 -44
-10 4 -42
-18 6 -30
-18 6 -28
-4 38 -12
-16 34 -20
-6 24 -108
-2 28 -106
-18 22 -80
-18 22 -78
-18 22 -76
-18 6 -88
-18 6 -86
-18 6 -84
-18 6 -82
-2 64 -20
10 62 -22
-6 64 -24
-6 66 -22
6 60 -18
6 58 -16
6 56 -12
-2 50 -10
-2 48 -12
-2 40 -16
-6 40 -22
18 34 -2
-18 18 -2
0 42 -2
-18 8 4
14 36 -4
4 42 -4
2 6 108
6 2 108
2 38 96
2 38 98
2 38 100
6 2 54
6 2 56
6 2 58
6 2 60
18 24 18
6 2 0
2 38 42
2 38 44
16 24 52
14 2 32
14 34 46
16 24 48
10 38 32
18 32 0
2 38 104
2 38 102
4 38 10
18 32 54
18 32 56
18 32 58
18 32 60
6 34 104
16 36 16
16 24 50
18 16 62
18 16 64
18 16 66
14 10 108
0 24 106
-18 16 0
-14 22 104
-14 22 106
-10 2 62
-10 2 64
-10 2 66
-6 38 24
-6 38 26
-2 38 16
-12 4 52
-18 24 40
-18 24 38
-12 4 48
-12 4 50
-4 36 46
-16 8 42
-16 8 44
-18 32 62
-18 32 64
-18 32 66
-14 38 62
-14 38 64
-14 38 66
-4 28 106
-18 28 16
-18 16 54
-18 16 56
-18 16 58
-18 16 60
-16 8 102
-16 8 104
2 6 -108
6 2 -108
6 2 -60
6 2 -58
6 2 -56
6 2 -54
18 28 -20
2 38 -14
10 38 -26
10 38 -24
18 12 -12
18 10 -8
4 36 -42
18 24 -40
18 24 -38
18 16 -52
14 2 -26
12 4 -46
18 16 -48
4 36 -44
14 2 -24
18 32 -60
18 32 -58
18 32 -56
18 32 -54
4 36 -104
8 32 -104
18 16 -50
14 10 -108
-10 2 -52
-18 24 -18
-10 2 -50
-12 2 -6
-18 14 -10
-18 32 -52
-16 24 -52
-18 32 -48
-2 2 -46
-10 2 -48
-16 24 -48
-6 38 -32
-18 32 -50
-4 38 -8
-8 38 -6
-2 42 -80
-2 42 -78
-2 42 -76
-14 38 -52
-6 30 -106
-6 30 -104
-2 26 -106
-16 24 -50
-18 16 -60
-18 16 -58
-18 16 -56
-18 16 -54
-12 20 -106
-16 62 -22
-6 42 -16
-2 42 -22
12 2 4
18 8 -4
18 18 2
-18 34 2
-14 36 2
18 26 104
18 26 106
18 10 52
18 10 50
18 16 6
18 26 102
12 38 82
12 38 84
12 38 86
12 38 88
0 2 76
0 2 78
0 2 80
6 40 82
6 40 84
18 26 100
16 2 14
18 2 38
18 2 40
18 14 12
8 2 26
10 4 52
18 26 42
18 10 48
10 4 48
10 4 50
12 38 28
12 38 30
16 34 28
16 34 30
8 2 24
0 2 22
4 2 16
16 2 68
16 2 70
16 2 72
16 2 74
0 38 12
16 34 82
16 34 84
16 34 86
16 34 88
18 26 44
18 26 96
18 26 98
0 18 108
0 18 110
-18 10 68
-18 10 70
-18 10 72
-18 10 74
-4 38 52
-16 34 42
-16 34 44
-18 26 22
-16 2 0
-18 12 8
-18 10 14
-14 38 6
-2 2 10
-10 2 6
-8 2 32
-12 38 32
-4 38 48
-4 38 50
-18 2 18
-16 2 54
-16 2 56
-16 2 58
-16 2 60
-18 32 6
-8 10 112
-8 10 110
-16 34 100
-16 34 102
-16 34 96
-16 34 98
-10 24 108
-18 26 76
-18 26 78
-18 26 80
18 10 -66
18 10 -64
18 10 -62
18 26 -14
14 16 -106
12 38 -88
12 38 -86
12 38 -84
12 38 -82
0 2 -90
6 40 -84
6 40 -82
16 2 -42
14 38 -6
2 2 -10
10 2 -6
0 2 -36
0 2 -34
8 2 -32
16 26 -46
12 38 -30
12 38 -28
16 34 -30
16 34 -28
4 38 -46
18 2 -18
16 2 -44
0 2 -92
0 2 -94
16 34 -88
16 34 -86
16 34 -84
16 34 -82
18 26 -74
18 26 -72
18 26 -70
18 26 -68
16 2 -96
16 2 -102
16 2 -100
16 2 -98
12 6 -106
16 2 -104
0 18 -110
0 18 -108
-12 38 -26
-12 38 -24
-18 10 -42
-18 2 -40
-18 2 -38
-16 34 -14
-8 2 -26
-18 10 -44
-18 26 -36
-6 4 -44
-18 26 -34
-8 2 -24
-4 2 -16
-6 4 -42
-16 2 -60
-16 2 -58
-16 2 -56
-16 2 -54
-18 10 -100
-8 10 -112
-8 10 -110
-16 34 -74
-16 34 -72
-16 34 -70
-16 34 -68
-10 24 -108
-18 26 -94
-18 26 -92
-18 10 -98
-18 10 -96
-18 10 -102
-18 26 -90
6 62 -22
-10 64 -24
-10 66 -22
2 54 -8
6 60 -16
14 36 -2
4 42 -2
18 34 -4
-18 18 -4
0 42 -4
-18 8 2
14 30 104
-12 32 102
16 28 -106
16 28 -104
-14 34 -102
-14 34 -100
-20 24 -104
6 38 94
6 38 90
6 38 92
2 2 52
18 4 90
18 4 92
18 4 94
2 2 50
12 2 6
18 28 38
18 28 40
18 4 34
18 4 36
2 2 48
18 20 28
18 20 30
6 38 34
6 38 36
18 12 46
4 38 8
16 36 18
4 16 110
18 24 16
18 20 82
18 20 84
18 20 86
18 20 88
12 24 108
14 30 102
-4 8 108
-4 8 110
-10 38 82
-10 38 84
-10 38 86
-10 38 88
-18 28 18
-2 38 18
-14 2 28
-14 2 30
-16 4 46
-18 20 36
-18 4 28
-18 4 30
-8 4 44
-18 20 34
-10 38 28
-10 38 30
-16 36 32
-8 4 42
-14 2 82
-14 2 84
-14 2 86
-14 2 88
-12 32 104
-18 4 82
-18 4 84
-18 4 86
-18 4 88
-18 20 92
-18 20 94
-18 20 90
16 28 -102
6 38 -80
6 38 -78
6 38 -76
2 2 -66
2 2 -64
2 2 -62
18 28 -18
2 38 -16
6 38 -22
18 10 -10
18 34 -6
16 28 -44
18 20 -30
18 20 -28
16 36 -38
8 36 -48
8 36 -50
18 4 -22
8 36 -52
0 36 -46
16 36 -40
4 16 -110
16 28 -42
18 20 -88
18 20 -86
18 20 -84
18 20 -82
18 4 -80
18 4 -78
18 4 -76
12 24 -108
-18 18 -6
-4 8 -110
-4 8 -108
-10 38 -84
-10 38 -82
-10 38 -88
-10 38 -86
-14 34 -42
-6 42 -74
-6 42 -72
-6 42 -70
-6 42 -68
-18 24 -20
-18 20 -22
-18 14 -8
-18 28 -40
-18 28 -38
-2 38 -40
-2 38 -38
-14 2 -30
-14 2 -28
-14 34 -44
-18 4 -30
-18 4 -28
-16 20 -46
-10 38 -30
-10 38 -28
-16 36 -26
-18 12 -46
-14 2 -88
-14 2 -86
-14 2 -84
-14 2 -82
-4 38 -10
-14 34 -104
-16 36 -24
-18 20 -78
-18 20 -76
-18 20 -80
-18 4 -88
-18 4 -86
-18 4 -84
-18 4 -82
-12 62 -24
16 64 -20
12 64 -24
12 66 -22
-2 50 -12
-2 48 -10
-6 42 -14
0 42 -6
6 2 -2
18 32 -2
-18 16 -2
14 38 -4
10 2 -4
8 38 2
-4 42 2
20 26 -104
-16 22 -106
-16 22 -104
8 14 110
8 14 112
12 2 62
12 2 64
12 2 66
4 42 58
18 22 24
0 38 14
16 2 12
18 14 14
14 36 0
14 4 42
18 30 36
6 4 46
18 30 34
0 2 20
4 2 18
14 4 44
18 6 32
18 14 68
18 14 70
18 14 72
18 14 74
4 42 60
14 36 54
14 36 56
14 36 58
14 36 60
10 32 104
18 22 26
18 30 92
18 30 94
14 4 104
14 4 106
18 30 90
-18 26 20
-18 12 10
-18 10 12
-2 2 8
-4 2 42
-18 14 52
-16 6 48
-18 2 16
-4 2 44
-18 14 48
-18 14 50
-16 30 46
-18 22 32
-18 30 28
-18 30 30
-18 6 26
-4 2 96
-4 2 98
-4 2 100
-4 2 102
-4 2 104
-4 2 106
-16 6 52
-8 30 104
-8 30 106
-2 20 108
-18 30 82
-18 30 84
-18 30 86
-18 30 88
-16 6 50
-18 6 24
8 14 -110
8 14 -112
0 38 -100
0 38 -98
0 38 -96
12 2 -52
4 42 -58
18 14 -100
18 30 -22
12 2 -50
18 14 -42
18 14 -44
2 2 -8
0 38 -44
0 38 -42
4 2 -40
4 2 -38
18 8 -6
16 6 -48
12 2 -48
18 22 -32
18 2 -20
18 6 -26
0 38 -104
0 38 -102
4 42 -60
16 6 -52
14 36 -60
14 36 -58
14 36 -56
14 36 -54
2 24 -106
18 14 -102
18 26 -16
18 30 -80
18 30 -78
18 30 -76
16 6 -50
18 6 -24
18 14 -98
18 14 -96
-16 22 -102
-4 2 -74
-4 2 -72
-4 2 -70
-4 2 -68
-18 22 -24
-2 4 -52
-4 2 -14
-10 4 -46
-2 4 -48
-2 4 -50
-16 22 -44
-18 30 -30
-18 30 -28
-18 6 -32
-18 14 -66
-18 14 -64
-18 14 -62
-16 34 -16
-2 20 -108
-16 22 -42
-18 22 -26
-18 30 -88
-18 30 -86
-18 30 -84
-18 30 -82
-14 8 -106
-14 8 -104
-6 64 -22
10 62 -24
6 60 -14
2 54 -10
4 42 0
-6 40 -24
-16 2 -2
18 16 4
-14 38 4
-10 2 4
-18 32 4
-12 2 -4
-8 38 -4
-6 2 2
14 34 102
14 34 100
18 24 -104
18 24 -106
-14 30 -104
18 8 90
18 24 14
10 38 54
10 38 56
10 38 58
10 38 60
14 34 42
6 42 68
6 42 70
6 42 72
6 42 74
18 8 92
18 8 94
18 16 24
14 2 0
16 36 12
8 2 6
0 2 10
6 2 32
14 34 44
18 8 36
2 38 46
18 32 32
18 16 26
18 8 34
14 2 56
14 2 58
14 2 60
14 2 54
10 38 0
6 10 112
6 10 110
14 34 104
8 24 108
18 24 68
18 24 70
18 24 72
18 24 74
12 20 106
-18 8 82
-18 8 84
-18 8 86
-18 8 88
-12 12 110
-12 12 112
-18 26 10
-18 28 12
-4 4 108
-6 38 62
-6 38 64
-6 38 66
-2 2 76
-2 2 78
-2 2 80
-18 32 24
-18 32 26
-4 36 42
-18 16 32
-10 2 26
-18 24 52
-16 32 52
-16 8 46
-16 32 48
-18 24 48
-14 38 26
-2 2 22
-10 2 24
-4 36 44
-18 8 28
-18 8 30
-2 38 12
-12 12 108
-4 36 104
-14 38 24
-16 32 50
-2 18 108
-2 18 110
-18 24 50
-18 12 20
18 8 -80
18 8 -78
18 8 -76
18 30 -6
18 24 -102
10 38 -60
10 38 -58
10 38 -56
10 38 -54
18 24 -100
18 2 -8
18 32 -26
18 32 -24
18 16 -32
6 2 -26
18 24 -42
16 32 -52
18 12 -16
16 32 -48
12 36 -50
2 2 -20
6 2 -24
12 36 -48
18 8 -22
12 36 -52
14 2 -60
14 2 -58
14 2 -56
14 2 -54
6 10 -112
6 10 -110
16 32 -50
4 28 -106
8 24 -108
18 24 -44
18 24 -96
18 24 -98
-18 8 -88
-18 8 -86
-18 8 -84
-18 8 -82
-12 12 -112
-12 12 -110
-16 16 -106
-16 16 -104
-16 16 -102
-4 4 -108
-6 38 -52
-2 2 -90
-18 16 -24
-10 2 -32
-2 2 -36
-2 2 -34
-16 16 -44
-14 38 -32
-6 38 -48
-6 38 -50
-18 32 -32
-18 16 -26
-18 8 -30
-18 8 -28
-12 12 -108
-2 2 -94
-2 2 -92
-2 18 -110
-2 18 -108
-16 16 -42
-18 24 -66
-18 24 -64
-18 24 -62
-14 30 -102
-8 62 -22
4 64 -20
8 64 -24
8 66 -22
-8 60 -16
-6 42 -12
-16 36 -2
18 22 4
-18 6 4
-2 42 -4
12 38 2
16 34 2
6 40 2
12 14 110
12 14 112
10 12 112
8 2 62
8 2 64
8 2 66
0 38 16
4 38 22
18 10 38
18 10 40
4 2 12
18 14 16
18 26 46
18 18 28
18 18 30
18 34 34
18 34 36
2 36 48
2 36 50
18 2 50
16 2 18
2 36 52
18 2 48
18 2 52
18 34 90
18 34 92
18 34 94
4 22 108
12 14 108
18 18 82
18 18 84
18 18 86
18 18 88
14 8 106
14 8 104
-8 2 108
-12 38 54
-12 38 56
-12 38 58
-12 38 60
-8 2 54
-8 2 56
-8 2 58
-8 2 60
-18 2 14
-12 38 0
-8 2 0
-4 38 40
-4 38 38
-16 2 32
-18 18 36
-16 34 46
-18 18 34
-14 36 28
-14 36 30
-18 34 28
-18 34 30
-18 10 18
-18 2 68
-18 2 70
-18 2 72
-18 2 74
-6 38 6
-18 34 82
-18 34 84
-18 34 86
-18 34 88
-8 34 104
-14 36 82
-14 36 84
-14 36 86
-14 36 88
-2 24 106
-18 18 92
-18 18 94
-12 6 106
-18 18 90
12 14 -112
12 14 -110
18 28 -10
10 12 -112
4 38 -94
4 38 -92
4 38 -90
8 2 -52
8 2 -50
16 2 -40
16 2 -38
18 34 -22
16 10 -42
16 10 -44
0 2 -46
8 2 -48
18 18 -30
18 18 -28
4 38 -36
4 38 -34
18 10 -18
18 2 -66
18 2 -64
18 2 -62
6 38 -6
0 42 -80
0 42 -78
0 42 -76
18 34 -80
18 34 -78
18 34 -76
4 22 -108
12 14 -108
18 18 -88
18 18 -86
18 18 -84
18 18 -82
18 4 -6
16 10 -104
16 10 -102
16 10 -106
0 26 -106
-18 20 -6
-18 24 -8
-8 2 -108
-12 38 -60
-12 38 -58
-12 38 -56
-12 38 -54
-8 2 -60
-8 2 -58
-8 2 -56
-8 2 -54
-18 2 -100
-18 2 -98
-18 2 -96
-18 18 -22
-4 38 -18
-18 10 -40
-18 10 -38
-18 2 -42
-4 2 -12
-14 4 -42
-18 2 -44
-16 2 -26
-16 18 -46
-18 26 -46
-18 34 -30
-18 34 -28
-14 36 -30
-14 36 -28
-18 14 -20
-16 2 -24
-14 4 -44
-18 34 -88
-18 34 -86
-18 34 -84
-18 34 -82
-14 36 -88
-14 36 -86
-14 36 -84
-14 36 -82
-10 32 -104
-18 18 -80
-18 18 -78
-18 18 -76
-18 2 -102
-14 4 -106
-14 4 -104
14 62 -22
0 42 -22
18 6 -2
-18 22 -2
-6 40 -2
20 24 104
12 32 -102
-18 28 -104
-18 28 -106
18 22 6
18 24 12
10 2 90
18 12 42
18 12 44
16 36 14
0 2 8
2 2 38
2 2 40
10 2 34
10 2 36
18 28 52
18 28 48
14 38 34
14 38 36
18 12 100
2 42 62
2 42 64
2 42 66
10 2 92
10 2 94
14 38 90
14 38 92
14 38 94
16 36 68
16 36 70
16 36 72
16 36 74
2 26 106
6 30 104
6 30 106
18 28 50
18 12 96
18 12 98
18 12 102
0 20 108
-10 14 110
-10 14 112
-18 26 8
-18 28 14
-6 2 82
-6 2 84
-6 2 86
-6 2 88
-2 38 14
-16 36 0
-16 4 42
-6 2 28
-6 2 30
-8 4 46
-2 2 20
-16 4 44
-18 12 76
-18 12 78
-18 12 80
-16 36 54
-16 36 56
-16 36 58
-16 36 60
-18 12 22
-18 28 68
-18 28 70
-18 28 72
-18 28 74
-18 6 6
-16 4 102
-16 4 104
14 22 -106
14 22 -104
10 2 -80
10 2 -78
10 2 -76
0 4 -52
18 2 -10
18 12 -14
0 4 -48
8 4 -46
0 4 -50
2 2 -18
10 2 -22
16 36 -44
16 12 -46
18 12 -74
18 12 -72
18 12 -70
18 12 -68
2 38 -12
16 36 -100
16 36 -42
16 36 -96
16 36 -98
14 38 -22
12 32 -104
14 38 -80
14 38 -78
14 38 -76
18 28 -66
18 28 -64
18 28 -62
0 20 -108
-10 14 -110
-10 14 -112
-18 28 -102
-2 38 -100
-2 38 -98
-2 38 -96
-6 2 -88
-6 2 -86
-6 2 -84
-6 2 -82
-18 28 -100
-2 38 -44
-2 38 -42
-6 2 -30
-6 2 -28
-18 28 -42
-18 12 -36
-2 38 -104
-2 38 -102
-6 34 -104
-16 36 -60
-16 36 -58
-16 36 -56
-16 36 -54
-18 28 -44
-18 12 -34
-18 28 -98
-18 28 -96
-18 12 -94
-18 12 -92
-18 12 -90
14 2 -2
10 38 -2
8 2 4
6 38 -4
18 4 -4
-18 20 -4
-18 30 2
-16 30 104
-16 30 106
-16 30 102
-20 26 104
8 38 82
8 38 84
8 38 86
8 38 88
4 2 74
4 2 68
4 2 70
4 2 72
0 38 18
4 38 20
4 2 14
16 14 52
12 2 26
6 4 44
16 14 48
16 14 50
8 38 28
8 38 30
14 36 32
18 14 18
12 2 24
16 2 16
6 4 42
14 4 46
18 22 62
18 22 64
18 22 66
18 6 54
18 6 56
18 6 58
18 6 60
18 6 0
-18 22 0
-14 16 106
-8 38 90
-8 38 92
-8 38 94
-12 2 90
-6 40 58
-6 40 60
-18 2 12
-18 14 38
-18 14 40
-12 2 34
-12 2 36
-18 10 16
-12 34 50
-4 2 46
-16 30 44
-8 38 34
-8 38 36
-4 42 82
-4 42 84
-12 2 92
-12 2 94
-12 34 52
-12 34 48
-16 30 42
-18 22 54
-18 22 56
-18 22 58
-18 22 60
-18 6 62
-18 6 64
-18 6 66
18 28 -8
18 26 -12
8 38 -88
8 38 -86
8 38 -84
8 38 -82
18 14 -40
18 14 -38
4 2 -42
12 2 -32
18 22 -52
0 38 -40
0 38 -38
4 2 -44
18 22 -48
8 38 -30
8 38 -28
14 36 -26
18 10 -20
4 2 -96
4 2 -106
4 2 -104
4 2 -102
4 2 -100
4 2 -98
14 36 -24
18 22 -50
18 6 -60
18 6 -58
18 6 -56
18 6 -54
-18 24 -10
-8 38 -80
-8 38 -78
-8 38 -76
-12 2 -80
-12 2 -78
-12 2 -76
-6 40 -60
-6 40 -58
-8 38 -22
-4 38 -20
-16 34 -12
-16 14 -52
-16 14 -48
-16 14 -50
-18 14 -18
-12 2 -22
-10 36 -48
-10 36 -50
-10 36 -52
-2 36 -46
-4 42 -84
-4 42 -82
-18 6 -52
-18 22 -60
-18 22 -58
-18 22 -56
-18 22 -54
-18 6 -50
-18 6 -48
-14 64 -22
0 50 -12
0 48 -10
-2 42 -6
-6 40 0
4 42 -24
-12 38 -2
-8 2 -2
-6 38 4
18 30 -4
18 20 2
-14 2 2
-10 38 2
-18 4 2
16 24 104
16 24 106
-20 28 104
16 24 102
2 38 52
6 2 90
12 38 6
16 34 6
4 2 8
18 16 30
18 16 28
6 2 34
6 2 36
18 32 36
16 24 44
2 38 48
2 38 50
18 32 34
18 8 32
6 2 92
6 2 94
18 32 90
4 20 108
10 30 104
10 30 106
16 24 42
18 16 82
18 16 84
18 16 86
18 16 88
18 32 92
18 32 94
-16 8 52
-6 14 110
-6 14 112
-10 2 82
-10 2 84
-10 2 86
-10 2 88
-2 42 58
-18 2 10
-12 4 42
-18 16 34
-10 2 28
-10 2 30
-16 8 48
-16 8 50
-18 16 36
-18 12 16
-12 4 44
-18 24 46
-16 32 46
-14 38 28
-14 38 30
-2 2 18
-18 32 30
-18 32 28
-18 8 24
-18 8 26
-2 42 60
-18 32 82
-18 32 84
-18 32 86
-18 32 88
-14 38 82
-14 38 84
-14 38 86
-14 38 88
-8 32 104
-18 16 92
-18 16 94
-12 4 106
-18 16 90
16 8 -52
18 26 -8
18 28 -12
6 2 -80
6 2 -78
6 2 -76
4 4 -52
18 32 -22
18 16 -30
18 16 -28
16 8 -48
16 8 -50
4 4 -48
4 4 -50
18 24 -46
2 2 -16
6 2 -22
18 8 -26
18 8 -24
18 32 -80
18 32 -78
18 32 -76
4 20 -108
18 12 -20
18 16 -88
18 16 -86
18 16 -84
18 16 -82
18 6 -6
-6 14 -110
-6 14 -112
-18 22 -6
-10 2 -88
-10 2 -86
-10 2 -84
-10 2 -82
-2 42 -58
-18 16 -22
-16 34 -8
-4 2 -10
-2 2 -40
-2 2 -38
-10 2 -30
-10 2 -28
-16 16 -46
-14 38 -28
-14 38 -30
-18 32 -30
-18 32 -28
-18 8 -32
-2 42 -60
-18 32 -88
-18 32 -86
-18 32 -84
-18 32 -82
-10 34 -104
-14 38 -88
-14 38 -86
-14 38 -84
-14 38 -82
-18 16 -80
-18 16 -78
-18 16 -76
-14 6 -106
-14 6 -104
8 64 -22
-8 62 -24
-8 60 -20
-4 54 -8
0 50 -8
0 40 -14
-2 42 0
-6 40 -6
6 38 -2
18 4 -2
-18 20 -2
-18 30 4
14 2 -4
10 38 -4
8 2 2
14 32 102
14 32 104
14 32 100
-18 26 -104
-18 26 -106
18 24 10
12 38 62
12 38 64
12 38 66
0 2 68
0 2 70
0 2 72
0 2 74
6 40 62
6 40 64
6 40 66
18 18 24
4 38 18
0 38 20
18 10 42
16 36 8
0 2 14
18 26 52
18 2 46
18 10 44
18 26 48
18 34 32
18 14 20
16 2 22
10 4 44
10 4 42
2 36 46
16 2 76
16 2 78
16 2 80
18 10 100
16 34 62
16 34 64
16 34 66
2 28 106
18 26 50
18 18 26
18 10 96
18 10 98
12 22 106
18 10 102
-18 10 76
-18 10 78
-18 10 80
-18 28 8
-18 26 14
-4 6 108
-4 38 96
-4 38 98
-4 38 100
-18 34 24
-18 34 26
-4 38 42
-4 38 44
-16 2 34
-16 2 36
-16 34 48
-16 34 50
-18 18 32
-14 36 26
-16 34 52
-18 10 22
-16 2 90
-4 38 104
-4 38 102
-2 38 8
-14 36 24
-2 16 110
-18 26 68
-18 26 70
-18 26 72
-18 26 74
-16 2 92
-16 2 94
-12 30 104
-12 30 106
18 10 -74
18 10 -72
18 10 -70
18 10 -68
12 38 -52
18 10 -14
18 34 -26
18 34 -24
0 2 -42
4 38 -40
4 38 -38
16 2 -36
16 2 -34
16 34 -48
12 38 -50
16 34 -50
0 2 -44
18 18 -32
12 38 -48
16 10 -46
16 34 -52
16 2 -90
2 38 -8
0 2 -106
0 2 -104
0 2 -102
0 2 -100
0 2 -98
0 2 -96
18 26 -66
18 26 -64
18 26 -62
16 2 -94
16 2 -92
-18 10 -90
-18 26 -102
-16 18 -106
-16 18 -104
-16 18 -102
-4 6 -108
-18 26 -100
-18 18 -24
-4 38 -14
-16 36 -6
-18 26 -42
-18 14 -16
-18 2 -46
-18 10 -36
-16 18 -44
-18 34 -32
-14 36 -32
-6 36 -48
-6 36 -50
-16 2 -22
-6 36 -52
-14 4 -46
-16 2 -80
-16 2 -78
-16 2 -76
-16 34 -66
-16 34 -64
-16 34 -62
-2 16 -110
-16 18 -42
-18 26 -44
-18 10 -34
-18 18 -26
-18 26 -98
-18 26 -96
-18 10 -94
-18 10 -92
14 60 -20
14 62 -24
6 56 -14
-6 42 -10
0 42 -24
18 30 -2
18 20 4
-14 2 4
-10 38 4
-18 4 4
-12 38 -4
-8 2 -4
-6 38 2
6 38 58
6 38 60
6 38 54
6 38 56
18 12 40
18 12 38
4 2 10
2 2 42
10 2 32
2 2 44
18 28 46
14 38 32
6 38 0
2 2 96
2 2 98
2 2 100
2 2 102
2 2 104
2 2 106
10 10 112
10 10 110
18 20 62
18 20 64
18 20 66
18 4 54
18 4 56
18 4 58
18 4 60
18 4 0
-18 20 0
-18 30 6
-14 18 106
-10 38 62
-10 38 64
-10 38 66
-8 4 52
-18 2 8
-6 2 26
-8 4 48
-8 4 50
-2 2 16
-6 2 24
-14 2 62
-14 2 64
-14 2 66
-18 12 18
-18 20 54
-18 20 56
-18 20 58
-18 20 60
-18 4 62
-18 4 64
-18 4 66
18 26 -10
6 38 -60
6 38 -58
6 38 -56
6 38 -54
2 2 -74
2 2 -72
2 2 -70
2 2 -68
16 12 -42
2 2 -14
10 2 -26
18 20 -52
16 12 -44
16 36 -46
8 4 -44
18 20 -48
14 38 -26
10 2 -24
8 4 -42
10 10 -112
10 10 -110
14 38 -24
18 20 -50
18 12 -18
18 4 -60
18 4 -58
18 4 -56
18 4 -54
16 12 -106
16 12 -104
16 12 -102
0 28 -106
-18 24 -12
-10 38 -52
-6 42 -66
-6 42 -64
-6 42 -62
-18 12 -40
-18 12 -38
-16 34 -10
-12 38 -6
-8 2 -6
-4 2 -8
-6 2 -32
-18 28 -46
-10 38 -48
-10 38 -50
-2 38 -46
-14 2 -48
-14 2 -50
-18 4 -50
-18 4 -48
-14 2 -52
-18 4 -52
-4 24 -106
-18 20 -60
-18 20 -58
-18 20 -56
-18 20 -54
0 64 -20
-8 60 -18
-4 54 -10
0 48 -12
0 50 -10
0 40 -16
-2 42 -2
12 38 4
16 34 4
-16 36 -4
18 22 2
-18 6 2
12 34 -102
18 20 6
18 24 8
18 30 0
6 12 112
2 8 108
2 8 110
12 2 82
12 2 84
12 2 86
12 2 88
4 38 16
8 38 24
0 38 22
8 38 26
16 36 10
0 2 12
12 2 28
12 2 30
16 14 46
14 36 34
14 36 36
18 14 22
14 4 50
16 2 20
14 4 48
14 4 52
18 14 76
18 14 78
18 14 80
14 36 90
14 36 92
14 36 94
18 30 54
18 30 56
18 30 58
18 30 60
0 22 108
-12 10 110
-12 10 112
-18 28 10
-18 26 12
-4 2 52
-18 14 100
-4 2 50
-14 2 6
-18 14 42
-18 14 44
-12 2 32
-4 2 48
-8 38 32
-18 10 20
-10 38 6
-2 38 10
-12 10 108
-18 14 102
-18 30 62
-18 30 64
-18 30 66
-18 4 6
-16 6 42
-16 6 44
-18 14 96
-18 14 98
-16 6 102
-16 6 104
14 20 -106
6 12 -112
2 8 -110
2 8 -108
0 38 -94
0 38 -92
0 38 -90
12 2 -88
12 2 -86
12 2 -84
12 2 -82
14 2 -6
18 2 -12
18 14 -34
12 2 -30
12 2 -28
18 14 -36
18 10 -16
12 34 -44
4 2 -46
0 38 -36
0 38 -34
8 38 -32
10 38 -6
2 38 -10
4 42 -80
4 42 -78
4 42 -76
12 34 -104
12 34 -42
14 36 -22
14 36 -80
14 36 -78
14 36 -76
4 26 -106
8 30 -106
8 30 -104
18 30 -60
18 30 -58
18 30 -56
18 30 -54
18 14 -92
18 14 -94
0 22 -108
18 14 -90
-12 10 -110
-12 10 -112
-4 2 -66
-4 2 -64
-4 2 -62
-8 38 -24
-4 38 -16
-8 38 -26
-18 14 -14
-2 36 -42
-12 2 -26
-18 30 -52
-18 30 -48
-12 2 -24
-2 36 -44
-18 14 -74
-18 14 -72
-18 14 -70
-18 14 -68
-12 10 -108
-2 36 -104
-6 32 -104
-18 30 -50
-14 64 -24
-14 66 -22
6 58 -12
-2 40 -12
-6 42 -8
4 42 -22
18 6 -4
-18 22 -4
-6 40 -4
2 42 2
16 32 -106
16 32 -104
16 32 -102
10 38 52
6 42 62
6 42 64
6 42 66
18 8 96
18 8 98
18 8 100
18 16 18
12 38 10
16 34 10
6 2 40
6 2 38
18 32 38
18 32 40
16 16 52
16 16 48
10 38 48
10 38 50
14 2 48
14 2 50
14 2 52
18 8 42
18 8 44
6 26 106
2 30 104
2 30 106
16 16 50
18 24 62
18 24 64
18 24 66
18 8 102
-18 8 76
-18 8 78
-18 8 80
-18 24 0
-18 30 8
-6 38 68
-6 38 70
-6 38 72
-6 38 74
-2 2 82
-2 2 84
-2 2 86
-2 2 88
-6 38 14
-4 4 52
-18 2 6
-18 32 18
-2 2 28
-2 2 30
-18 16 38
-18 16 40
-12 36 46
-4 4 48
-4 4 50
-6 2 20
-10 2 18
-18 8 22
-14 38 18
-14 14 106
-18 24 54
-18 24 56
-18 24 58
-18 24 60
-12 28 106
-12 28 104
18 8 -74
18 8 -72
18 8 -70
18 8 -68
10 38 -66
10 38 -64
10 38 -62
16 32 -44
16 32 -42
18 32 -18
12 36 -42
18 8 -14
18 16 -40
18 16 -38
18 24 -52
16 8 -46
12 36 -44
4 4 -46
18 24 -48
6 2 -18
10 2 -16
14 2 -66
14 2 -64
14 2 -62
6 38 -12
12 36 -102
12 36 -100
12 36 -104
14 38 -16
16 32 -100
18 24 -50
18 4 -12
18 6 -10
-18 8 -90
-18 20 -12
-18 22 -10
-6 38 -100
-6 38 -98
-6 38 -96
-2 2 -88
-2 2 -86
-2 2 -84
-2 2 -82
-18 8 -94
-18 8 -92
-18 16 -18
-12 38 -8
-8 2 -8
-4 2 -6
-6 38 -42
-6 38 -44
-10 2 -40
-10 2 -38
-2 2 -30
-2 2 -28
-18 32 -38
-18 32 -40
-16 16 -52
-18 8 -36
-16 16 -48
-14 38 -38
-18 8 -34
-6 38 -104
-6 38 -102
-14 38 -40
-2 34 -104
-8 24 -106
-16 16 -50
-18 24 -60
-18 24 -58
-18 24 -56
-18 24 -54
0 64 -22
-4 56 -12
-4 58 -16
0 46 -10
-6 40 -10
0 40 -24
18 28 -2
4 2 4
2 38 -4
0 2 2
-18 26 2
20 22 104
-20 30 104
-16 26 104
-16 26 106
18 20 8
18 22 12
18 24 6
18 34 44
8 2 68
8 2 70
8 2 72
8 2 74
18 18 22
8 38 20
18 34 100
18 2 0
8 2 14
16 2 26
2 4 44
16 18 46
4 38 28
4 38 30
12 2 16
16 2 24
2 4 42
10 36 46
18 2 54
18 2 56
18 2 58
18 2 60
4 38 86
4 38 88
4 38 84
18 34 42
18 34 96
18 34 98
10 28 106
18 10 32
18 18 76
18 18 78
18 18 80
-16 10 52
-18 18 102
-16 26 102
-12 38 52
-8 2 52
-2 40 58
-18 18 100
-8 2 50
-14 2 8
-16 2 40
-16 2 38
-18 34 22
-18 18 42
-16 10 50
-12 38 50
-8 2 48
-16 26 44
-4 38 32
-12 38 48
-16 10 48
-18 10 26
-18 10 24
-18 2 62
-18 2 64
-18 2 66
-10 38 8
-18 34 76
-18 34 78
-18 34 80
-14 36 22
-14 36 76
-14 36 78
-14 36 80
-10 16 110
-18 18 44
-16 26 42
-18 4 8
-18 6 12
-18 18 96
-18 18 98
-14 20 108
16 10 -52
18 30 -12
14 24 -106
14 24 -104
14 2 -8
18 34 -14
8 2 -42
16 2 -32
16 10 -50
18 18 -36
12 38 -46
16 34 -46
8 2 -44
18 18 -34
4 38 -30
4 38 -28
16 10 -48
18 10 -26
18 10 -24
18 2 -60
18 2 -58
18 2 -56
18 2 -54
10 38 -8
0 42 -74
0 42 -72
0 42 -70
0 42 -68
8 2 -102
8 2 -100
8 2 -98
8 2 -96
8 2 -106
8 2 -104
4 38 -86
4 38 -84
4 38 -88
18 34 -70
18 34 -68
18 34 -74
18 34 -72
14 36 -20
18 18 -94
18 18 -92
18 18 -90
-18 18 -14
-12 38 -66
-12 38 -64
-12 38 -62
-8 2 -66
-8 2 -64
-8 2 -62
-2 40 -58
-8 38 -16
-4 38 -26
-4 38 -24
-16 36 -10
-18 34 -36
-18 34 -34
-14 36 -36
-14 36 -34
-12 2 -16
-14 4 -50
-18 2 -50
-16 2 -18
-6 36 -46
-18 2 -48
-14 4 -48
-18 2 -52
-14 4 -52
-18 34 -90
-18 34 -94
-18 34 -92
-14 36 -94
-14 36 -92
-14 36 -90
-10 16 -110
-18 10 -32
-18 18 -74
-18 18 -72
-18 18 -70
-18 18 -68
-14 20 -108
-6 42 -6
0 42 -14
4 42 -20
16 36 4
-18 28 4
-2 38 4
18 26 -4
-16 34 -4
18 28 0
16 20 104
16 20 106
16 20 102
12 38 8
16 34 8
4 2 6
10 2 42
2 2 32
18 4 46
18 12 36
10 2 44
16 20 44
6 38 46
2 42 68
2 42 70
2 42 72
2 42 74
10 2 102
10 2 104
10 2 106
10 2 96
10 2 98
10 2 100
2 10 112
2 10 110
14 38 100
14 38 42
14 38 96
14 38 98
16 36 62
16 36 64
16 36 66
4 24 108
16 20 42
18 12 34
18 16 16
18 28 54
18 28 56
18 28 58
18 28 60
18 12 92
18 12 94
12 16 108
12 16 110
14 6 108
18 12 90
-18 30 10
-12 8 108
-12 8 110
-6 2 76
-6 2 78
-6 2 80
-18 32 16
-16 36 50
-18 20 46
-10 2 16
-6 2 22
-16 12 46
-16 36 48
-18 8 20
-18 12 82
-18 12 84
-18 12 86
-18 12 88
-6 38 12
-16 36 52
-14 38 16
-4 32 104
-6 18 108
-6 18 110
-18 12 28
-18 12 30
-18 28 62
-18 28 64
-18 28 66
18 26 -6
10 2 -74
10 2 -72
10 2 -70
10 2 -68
14 38 -14
18 32 -20
10 2 -14
2 2 -26
16 36 -50
18 8 -16
0 4 -44
18 20 -46
2 2 -24
6 2 -20
16 36 -48
0 4 -42
18 12 -80
18 12 -78
18 12 -76
2 10 -112
2 10 -110
16 36 -52
14 38 -74
14 38 -72
14 38 -70
14 38 -68
4 24 -108
8 28 -106
18 12 -22
18 28 -60
18 28 -58
18 28 -56
18 28 -54
18 6 -8
12 16 -110
12 16 -108
14 6 -108
-18 22 -8
-14 26 -104
-12 8 -110
-12 8 -108
-2 38 -52
-6 2 -90
-18 16 -20
-12 38 -10
-16 34 -6
-8 2 -10
-6 2 -36
-6 2 -34
-18 28 -52
-18 4 -46
-18 28 -48
-2 38 -48
-2 38 -50
-10 38 -46
-14 2 -46
-18 12 -88
-18 12 -86
-18 12 -84
-18 12 -82
-6 2 -94
-6 2 -92
-16 36 -66
-16 36 -64
-16 36 -62
-6 18 -110
-6 18 -108
-18 12 -30
-18 12 -28
-18 28 -50
-14 26 -106
8 64 -20
-4 62 -24
4 66 -22
4 64 -24
-4 58 -14
-2 42 -12
-6 40 -8
-18 24 -2
-18 2 4
-6 42 -4
2 40 2
10 8 108
10 8 110
-8 6 110
10 8 -110
10 8 -108
-8 6 -110
18 22 -106
18 22 -104
18 20 10
18 22 14
8 38 76
8 38 78
8 38 80
4 2 62
4 2 64
4 2 66
18 18 20
8 38 22
0 38 24
0 38 26
16 36 6
8 2 12
18 30 46
14 36 38
18 14 24
12 2 18
6 36 48
6 36 50
18 14 26
6 36 52
18 6 52
14 36 40
8 22 108
18 22 68
18 22 70
18 22 72
18 22 74
18 6 50
18 6 48
14 12 106
-18 28 6
-8 6 108
-12 2 106
-8 38 96
-8 38 98
-8 38 100
-14 2 10
-12 2 42
-18 34 20
-8 38 42
-8 38 44
-18 14 32
-18 22 52
-18 6 14
-12 2 44
-18 22 48
-8 38 104
-8 38 102
-10 38 10
-2 38 6
-4 42 76
-4 42 78
-4 42 80
-12 2 96
-12 2 98
-12 2 100
-12 2 102
-12 2 104
-14 36 20
-6 24 106
-18 22 50
-18 6 68
-18 6 70
-18 6 72
-18 6 74
-18 4 10
18 22 -102
8 38 -94
8 38 -92
8 38 -90
4 2 -52
18 22 -100
4 2 -50
14 2 -10
12 2 -40
12 2 -38
18 34 -16
18 14 -32
18 22 -42
4 2 -48
0 38 -32
8 38 -36
8 38 -34
10 38 -10
2 38 -6
14 36 -18
8 22 -108
18 22 -44
18 6 -66
18 6 -64
18 6 -62
18 22 -98
18 22 -96
0 30 -106
0 30 -104
-8 6 -108
-8 38 -74
-8 38 -72
-8 38 -70
-8 38 -68
-12 2 -74
-12 2 -72
-12 2 -70
-12 2 -68
-6 40 -66
-6 40 -64
-6 40 -62
-18 6 -96
-18 6 -100
-18 6 -98
-8 38 -14
-12 2 -14
-16 14 -42
-16 36 -8
-10 36 -42
-16 14 -44
-18 30 -46
-18 14 -24
-10 36 -44
-16 2 -20
-18 14 -26
-18 6 -42
-10 36 -104
-16 14 -106
-16 14 -104
-16 14 -102
-18 18 -16
-18 22 -66
-18 22 -64
-18 22 -62
-18 6 -44
-18 6 -102
14 60 -22
0 42 -16
4 42 -18
18 2 -2
18 24 4
-4 2 -4
18 32 104
18 32 106
18 20 12
18 22 8
2 38 54
2 38 56
2 38 58
18 32 44
18 32 42
18 32 100
18 16 22
8 2 10
0 2 6
6 2 42
18 8 38
6 2 44
16 16 46
10 38 46
14 2 46
2 38 0
18 8 40
6 2 96
6 2 98
6 2 100
6 2 102
6 2 104
6 2 106
18 32 102
18 16 76
18 16 78
18 16 80
18 32 98
18 32 96
14 10 106
14 10 104
0 24 108
-18 26 6
-18 16 102
-10 2 76
-10 2 78
-10 2 80
-18 16 100
-14 2 12
-18 32 22
-2 2 26
-18 16 42
-12 36 50
-4 4 46
-6 2 16
-2 2 24
-10 2 22
-12 36 48
-18 8 18
-12 36 52
-10 38 12
-18 32 76
-18 32 78
-18 32 80
-14 38 22
-14 38 76
-14 38 78
-14 38 80
-10 18 108
-10 18 110
-18 16 44
-18 4 12
-18 6 8
-18 16 96
-18 16 98
18 30 -10
2 38 -58
2 38 -56
2 38 -54
6 2 -74
6 2 -72
6 2 -70
6 2 -68
18 32 -14
6 2 -14
18 16 -34
18 16 -36
12 36 -46
4 4 -44
16 32 -46
10 2 -20
18 8 -18
4 4 -42
16 8 -42
16 8 -44
18 32 -74
18 32 -72
18 32 -70
18 32 -68
14 38 -20
18 16 -92
18 16 -94
16 8 -104
16 8 -102
0 24 -108
18 16 -90
-18 16 -14
-10 2 -90
-16 36 -12
-10 2 -36
-10 2 -34
-2 2 -32
-18 32 -36
-18 8 -38
-14 38 -36
-14 38 -34
-6 38 -46
-18 32 -34
-2 42 -66
-2 42 -64
-2 42 -62
-18 8 -40
-10 2 -94
-10 2 -92
-18 32 -90
-14 38 -94
-14 38 -92
-14 38 -90
-10 18 -110
-10 18 -108
-18 16 -74
-18 16 -72
-18 16 -70
-18 16 -68
-18 32 -94
-18 32 -92
0 64 -24
0 66 -22
-8 62 -18
-4 60 -14
0 44 -16
-6 42 -2
-18 24 -4
-18 2 2
6 8 110
6 8 108
6 8 -110
6 8 -108
18 10 90
18 26 0
2 12 112
12 38 68
12 38 70
12 38 72
12 38 74
0 2 62
0 2 64
0 2 66
6 40 68
6 40 70
6 40 72
6 40 74
18 18 18
8 38 16
12 38 14
4 38 24
4 38 26
16 34 14
16 18 52
16 2 28
16 2 30
18 10 36
16 18 48
18 34 38
12 2 20
10 36 48
10 36 50
10 36 52
16 2 82
16 2 84
16 2 86
16 2 88
18 34 40
16 34 68
16 34 70
16 34 72
16 34 74
18 10 34
16 18 50
18 26 54
18 26 56
18 26 58
18 26 60
18 10 92
18 10 94
-18 10 82
-18 10 84
-18 10 86
-18 10 88
-18 30 12
-4 38 90
-4 38 92
-4 38 94
-16 2 42
-16 34 0
-18 34 18
-18 18 40
-18 18 38
-12 38 46
-8 2 46
-4 38 34
-4 38 36
-16 2 44
-16 10 46
-6 38 10
-14 36 18
-16 34 54
-16 34 56
-16 34 58
-16 34 60
-10 24 106
-18 10 28
-18 10 30
-18 26 62
-18 26 64
-18 26 66
-16 2 96
-16 2 98
-16 2 100
-16 2 102
-16 2 104
18 10 -80
18 10 -78
18 10 -76
12 38 -100
18 28 -6
2 12 -112
12 38 -98
12 38 -96
16 34 -44
16 34 -42
0 2 -52
0 2 -50
18 34 -18
12 38 -44
12 38 -42
18 18 -40
18 18 -38
16 2 -30
16 2 -28
8 2 -46
0 2 -48
4 38 -32
18 10 -22
16 2 -88
16 2 -86
16 2 -84
16 2 -82
12 38 -104
12 38 -102
6 38 -10
16 34 -102
16 34 -100
16 34 -98
16 34 -96
14 36 -16
4 30 -106
4 30 -104
8 26 -106
18 26 -60
18 26 -58
18 26 -56
18 26 -54
18 4 -10
18 6 -12
-18 10 -88
-18 10 -86
-18 10 -84
-18 10 -82
-18 20 -10
-18 22 -12
-14 28 -104
-14 28 -102
-18 18 -18
-8 38 -20
-4 38 -22
-16 2 -14
-6 36 -42
-18 26 -52
-16 18 -52
-16 18 -48
-18 26 -48
-18 34 -38
-14 36 -38
-12 2 -20
-6 36 -44
-16 2 -74
-16 2 -72
-16 2 -70
-16 2 -68
-14 36 -40
-18 34 -40
-6 36 -104
-16 34 -60
-16 34 -58
-16 34 -56
-16 34 -54
-2 32 -104
-18 10 -30
-18 10 -28
-16 18 -50
-18 26 -50
-14 28 -106
-14 64 -20
-4 56 -10
0 46 -12
-2 44 -12
-2 42 -8
0 42 -18
4 42 -16
-6 40 -12
-4 2 -2
18 2 -4
18 24 2
6 42 2
-8 4 108
-8 4 110
-8 4 -110
-8 4 -108
-16 28 104
-16 28 106
18 20 14
18 22 10
6 38 52
2 2 90
18 16 20
8 2 8
10 2 38
10 2 40
2 2 36
2 2 34
14 38 38
6 38 48
6 38 50
18 4 50
18 4 48
18 4 52
2 2 92
2 2 94
14 38 40
8 20 108
10 26 106
18 12 32
18 20 68
18 20 70
18 20 72
18 20 74
12 24 106
-2 14 110
-2 14 112
-16 28 102
-10 38 74
-10 38 68
-10 38 70
-10 38 72
-6 42 58
-6 42 60
-10 38 14
-14 2 14
-18 32 20
-8 36 42
-16 12 52
-18 20 52
-16 36 46
-18 4 14
-18 8 16
-18 20 48
-16 12 50
-16 28 44
-6 2 18
-10 2 20
-8 36 44
-16 12 48
-18 12 26
-14 2 68
-14 2 70
-14 2 72
-14 2 74
-4 40 84
-8 36 104
-14 38 20
-16 28 42
-18 20 50
-18 12 24
-18 4 68
-18 4 70
-18 4 72
-18 4 74
-18 6 10
18 30 -8
18 20 -102
6 38 -66
6 38 -64
6 38 -62
2 2 -80
2 2 -78
2 2 -76
18 20 -100
8 4 -52
18 2 -6
14 2 -12
18 32 -16
16 12 -52
18 20 -42
0 4 -46
8 4 -48
8 4 -50
16 12 -50
2 2 -22
6 2 -16
10 2 -18
16 12 -48
18 12 -26
18 8 -20
10 38 -12
14 38 -18
8 20 -108
18 20 -44
18 12 -24
18 4 -66
18 4 -64
18 4 -62
18 20 -98
18 20 -96
-2 14 -110
-2 14 -112
-10 38 -100
-10 38 -98
-10 38 -96
-6 42 -60
-6 42 -58
-18 4 -100
-18 4 -98
-18 4 -96
-14 2 -42
-10 38 -44
-10 38 -42
-6 2 -40
-6 2 -38
-14 2 -44
-18 4 -42
-18 4 -44
-10 38 -104
-10 38 -102
-4 40 -84
-18 12 -32
-18 16 -16
-18 20 -66
-18 20 -64
-18 20 -62
-14 2 -104
-14 2 -102
-14 2 -100
-14 2 -98
-14 2 -96
-18 4 -102
-14 2 -106
-4 62 -22
4 64 -22
-8 62 -20
-4 60 -16
-2 46 -14
0 44 -14
-6 42 0
4 40 -24
2 38 -2
0 2 4
-18 26 4
18 28 -4
4 2 2
16 22 104
16 22 106
-18 30 -106
-18 30 -104
16 22 102
12 2 76
12 2 78
12 2 80
8 38 18
12 38 12
16 34 12
18 14 28
18 14 30
18 30 52
18 6 46
14 36 44
18 30 48
16 22 44
0 38 28
0 38 30
12 2 22
6 36 46
18 14 84
18 14 86
18 14 88
18 14 82
0 38 84
0 38 86
0 38 88
14 36 100
14 36 102
14 36 42
14 36 96
14 36 98
6 28 106
16 22 42
18 18 16
18 30 50
12 18 108
12 18 110
-18 30 14
-4 2 108
-4 2 54
-4 2 56
-4 2 58
-4 2 60
-12 2 38
-12 2 40
-18 34 16
-4 2 0
-18 14 34
-8 38 40
-8 38 38
-18 14 36
-18 22 46
-6 38 8
-4 34 104
-14 36 16
-6 16 110
-18 30 68
-18 30 70
-18 30 72
-18 30 74
-18 14 92
-18 14 94
-12 26 106
-18 14 90
12 2 -90
14 36 -14
18 34 -20
18 14 -30
18 14 -28
12 2 -36
12 2 -34
8 38 -40
8 38 -38
12 34 -50
18 22 -46
0 38 -30
0 38 -28
18 14 -88
18 14 -86
18 14 -84
18 14 -82
6 38 -8
4 42 -74
4 42 -72
4 42 -70
4 42 -68
12 2 -94
12 2 -92
0 38 -86
0 38 -84
0 38 -88
12 34 -52
12 34 -48
14 36 -74
14 36 -72
14 36 -70
14 36 -68
18 30 -66
18 30 -64
18 30 -62
18 4 -8
12 18 -110
12 18 -108
-18 20 -8
-18 24 -6
-4 2 -108
-4 2 -60
-4 2 -58
-4 2 -56
-4 2 -54
-18 30 -100
-18 18 -20
-8 38 -18
-12 38 -12
-8 2 -12
-18 30 -42
-18 6 -46
-16 14 -46
-18 14 -22
-12 2 -18
-2 36 -48
-2 36 -50
-16 2 -16
-2 36 -52
-10 36 -46
-18 14 -80
-18 14 -78
-18 14 -76
-6 16 -110
-18 30 -44
-18 30 -98
-18 30 -96
-18 30 -102
14 62 -20
-4 56 -8
-2 42 -10
0 42 -20
4 42 -14
18 26 -2
-16 34 -2
16 36 2
-18 28 2
-2 38 2
